Iso_code,Year,midyear_population,midyear_population_male,midyear_population_female
24,1982,7614535,3809807,3804728
50,2033,180676697,88032297,92644400
404,2021,50551368,25213980,25337388
426,2019,1966253,972719,993534
414,2008,2433192,1436845,996347
831,2011,65068,32183,32885
807,2016,2100025,1046049,1053976
498,1996,4333973,2071161,2262812
140,1975,2057734,989412,1068322
352,2040,396202,196722,199480
804,2043,38770152,18134489,20635663
496,2028,3364818,1629525,1735293
528,2032,17863029,8787753,9075276
800,1988,15397260,7595462,7801798
8,2007,2991575,1483207,1508368
388,2009,2825928,1397515,1428413
232,1989,2973468,1459311,1514157
178,2041,8522457,4258782,4263675
408,2001,22977355,11131355,11846000
616,2015,38562189,18674320,19887869
152,1994,13952144,6855293,7096851
800,2032,61751944,30711956,31039988
740,1995,427744,214864,212880
426,1985,1551635,758556,793079
796,1996,15719,7974,7745
554,2033,4982163,2466773,2515390
148,1996,7051000,3366294,3684706
540,2015,271615,135814,135801
666,2028,4840,2308,2532
64,2010,699847,366829,333018
288,2006,21583020,10674041,10908979
4,2003,25005388,12724466,12280922
796,2011,44819,22654,22165
234,2046,56741,28887,27854
324,1991,6552474,3245913,3306561
454,2006,13278889,6562476,6716413
854,2032,30758794,15323883,15434911
768,2001,5134565,2548511,2586054
740,1983,379144,188534,190610
356,2010,1173108018,608633795,564474223
368,1997,20965466,10596473,10368993
724,2028,52073583,25706884,26366699
534,2039,51454,25291,26163
316,2023,173494,87566,85928
426,2017,1958042,967841,990201
324,1993,6989107,3467842,3521265
862,2017,31304016,15590439,15713577
4,2040,54716673,27566296,27150377
332,1982,5709417,2803171,2906246
204,2047,21105888,10651405,10454483
480,2006,1253425,617863,635562
659,2029,56373,28183,28190
288,2020,29340248,14460542,14879706
288,2042,45517845,22362481,23155364
862,2040,38233208,19066836,19166372
360,2029,283589166,141989159,141600007
704,2010,89571130,44644262,44926868
440,1993,3554527,1671349,1883178
499,1999,720412,358409,362003
12,1995,28321697,14300766,14020931
795,2031,6066182,2994693,3071489
659,1990,41659,20426,21233
233,2049,934322,453980,480342
894,2043,32791505,16370606,16420899
266,1990,938084,463324,474760
670,2033,98800,50102,48698
184,2050,5460,2701,2759
296,1986,63772,31683,32089
32,2028,48373752,23964533,24409219
332,2004,8900109,4392270,4507839
466,1978,6591756,3220767,3370989
705,2008,2007711,977688,1030023
706,2027,13969192,7013060,6956132
208,2041,5680472,2761444,2919028
174,1991,440471,216229,224242
120,2025,30508842,15282470,15226372
620,1996,10099918,4869974,5229944
882,2004,182772,94555,88217
480,1985,1020544,508037,512507
231,1984,40072730,20166219,19906511
798,2018,11147,5511,5636
418,2034,8844378,4381300,4463078
296,2000,85121,42332,42789
706,1985,6458539,3148571,3309968
208,2050,5575147,2704619,2870528
192,1991,10696589,5381140,5315449
768,2028,10458210,5186749,5271461
212,2014,73449,37071,36378
8,1992,3072011,1562973,1509038
798,1996,9843,4777,5066
96,2049,633578,296699,336879
729,2050,59129521,29335105,29794416
690,2005,83886,42229,41657
508,2021,29312011,14381949,14930062
834,1981,19187724,9440360,9747364
250,2046,69860111,34143720,35716391
616,1993,38467745,18730052,19737693
634,2000,639905,421965,217940
686,2020,15736368,7614586,8121782
768,2004,5578206,2767250,2810956
92,2049,58909,27372,31537
756,2025,8665531,4277304,4388227
470,2036,414494,206148,208346
191,2036,3885212,1879379,2005833
674,2022,34649,16743,17906
800,2001,23637605,11727649,11909956
270,1990,951025,473025,478000
418,2035,8932862,4424221,4508641
64,1985,529200,279057,250143
392,2029,121311030,58515990,62795040
438,2025,40505,20191,20314
446,2036,643249,298868,344381
854,2000,11587750,5653019,5934731
591,2025,4117882,2066768,2051114
854,1984,6985039,3376876,3608163
320,1985,7580844,3811305,3769539
84,2037,480134,243021,237113
20,1994,63826,33522,30304
834,2022,61790674,30859378,30931296
16,2017,54069,26956,27113
270,1996,1202416,597788,604628
583,2045,79963,38143,41820
144,2011,21283913,10419840,10864073
670,2038,97489,49240,48249
288,2001,19366666,9603711,9762955
858,2039,3497943,1700027,1797916
218,2034,19368691,9570591,9798100
500,2030,5686,2839,2847
688,2036,6447725,3136924,3310801
4,2025,41117073,20798422,20318651
604,1994,23423635,11790402,11633233
426,2028,1960961,974215,986746
64,2003,635757,335325,300432
500,2048,5736,2875,2861
566,1957,38091921,19596170,18495751
748,1982,649807,315758,334049
28,2045,120448,56011,64437
116,1979,6729212,3108677,3620535
512,2006,2748203,1531506,1216697
704,2033,106969589,53712343,53257246
652,2012,7332,3898,3434
662,2000,153302,75066,78236
800,1990,16548955,8172010,8376945
180,2022,93224780,46526475,46698305
44,2045,371104,182055,189049
470,2047,400081,198664,201417
340,2011,8143564,4095913,4047651
520,2005,10014,5031,4983
414,2046,3774545,2108992,1665553
222,2041,6313488,3011567,3301921
598,2016,6791317,3467846,3323471
662,1989,136499,66807,69692
831,2007,63744,31376,32368
64,1956,191164,97587,93577
710,2004,47438933,23414005,24024928
20,2000,65099,34013,31086
732,2021,668726,331961,336765
96,2005,361110,183616,177494
690,1980,63954,32072,31882
768,1992,3972812,1976712,1996100
360,1988,175334751,87256573,88078178
496,2018,3103428,1517430,1585998
520,2035,10607,4808,5799
646,2014,12337138,6149385,6187753
798,2022,11537,5719,5818
660,2021,18424,8695,9729
704,2015,94348835,47209648,47139187
784,2039,7919167,5274237,2644930
64,1960,212052,108170,103882
288,2013,25199609,12437036,12762573
533,2030,132132,62320,69812
478,2042,5875635,2829131,3046504
132,2048,735708,356362,379346
191,2027,4084711,1973377,2111334
894,2019,16929953,8458434,8471519
434,2010,6110364,3174147,2936217
624,2035,2399855,1181192,1218663
703,2034,5258433,2546535,2711898
580,2003,76617,33952,42665
642,1993,22765757,11180639,11585118
584,2004,57760,29486,28274
51,2050,2468311,1244152,1224159
108,2026,15257828,7607840,7649988
554,1987,3352493,1659970,1692523
320,2032,19270532,9481327,9789205
68,2047,15649325,7739031,7910294
400,2050,11411275,5640483,5770792
178,2020,5293070,2653336,2639734
652,1993,5722,3069,2653
688,2048,5953503,2894748,3058755
660,2030,21363,9914,11449
834,2031,77990655,39015878,38974777
762,2006,6944062,3453662,3490400
686,1982,5902850,2926598,2976252
756,2038,9184910,4518465,4666445
196,2011,1120489,571793,548696
31,2012,9493600,4689954,4803646
780,2004,1239328,626297,613031
832,2036,107296,53064,54232
450,2017,25054161,12524058,12530103
204,2050,22118545,11156881,10961664
203,2026,10687374,5269560,5417814
642,1998,22511376,11015529,11495847
626,1991,763770,394555,369215
580,2041,73165,35396,37769
276,2025,79226209,38748428,40477781
704,2031,105999682,53235794,52763888
566,2018,195300343,99561312,95739031
792,1984,49830462,25219386,24611076
372,2002,3933126,1955326,1977800
428,2002,2330425,1072833,1257592
222,2019,6202330,2978614,3223716
584,2010,65859,33558,32301
152,2034,19450278,9537646,9912632
434,2032,7923011,4064116,3858895
250,2008,64220250,31377755,32842495
800,2014,35918915,17841632,18077283
116,2000,12351152,5964180,6386972
180,1989,37872107,18649520,19222587
44,2011,313312,153294,160018
144,2000,19041167,9404095,9637072
112,2029,9181486,4269628,4911858
470,2005,398534,197777,200757
531,2022,152316,73197,79119
566,1967,50952753,26232418,24720335
376,1995,5334866,2664862,2670004
450,1988,10957343,5468836,5488507
233,1997,1413351,652877,760474
4,1990,13568282,6923599,6644683
250,1994,59548134,29017843,30530291
784,2047,8028744,5287688,2741056
876,2045,15768,8015,7753
233,1990,1569322,733648,835674
348,1993,10330031,4950123,5379908
90,2014,609883,311440,298443
384,1976,7334543,3776165,3558378
156,2036,1384061185,701898421,682162764
400,2016,8185384,4133713,4051671
408,2019,25513061,12391869,13121192
196,1988,713026,356211,356815
104,1975,30329791,15113860,15215931
600,2019,7108524,3562872,3545652
450,1996,13948484,6945812,7002672
348,2016,9874784,4706449,5168335
674,2044,36035,17303,18732
332,1989,6586139,3229419,3356720
678,2000,140687,69931,70756
688,2004,7522560,3669217,3853343
60,2018,71176,34422,36754
516,2043,3814265,1882288,1931977
332,2012,9793363,4828417,4964946
578,2039,6130259,3085399,3044860
328,2001,785421,395931,389490
68,2019,11473676,5677471,5796205
442,1996,415481,204012,211469
144,1989,16687488,8339937,8347551
634,2022,2504258,1929801,574457
724,1999,40251435,19708009,20543426
833,2017,88815,44477,44338
458,1994,19835020,10086023,9748997
308,2018,112207,56879,55328
516,2004,2017940,1002667,1015273
404,2035,60243196,30031584,30211612
320,2010,13550440,6685453,6864987
426,2003,1926345,944702,981643
231,2048,219887116,108914163,110972953
70,2011,3882359,1891816,1990543
776,2021,105879,53114,52765
404,1981,16987469,8458195,8529274
372,2027,5505503,2744800,2760703
882,1993,166119,87574,78545
702,2005,4605741,2270320,2335421
308,2015,110694,56049,54645
454,2034,33133784,16410639,16723145
308,2003,103320,51820,51500
226,2037,1178348,591166,587182
332,1998,7957222,3915419,4041803
660,1992,8977,4492,4485
20,2007,80757,41922,38835
703,2025,5405646,2621980,2783666
854,2020,21977701,10945685,11032016
426,1978,1288584,624738,663846
408,2041,27083069,13146991,13936078
752,1993,8769284,4333174,4436110
688,2019,7045162,3433990,3611172
586,2033,251233750,128129353,123104397
276,2009,81837700,40140539,41697161
430,2005,2930083,1460240,1469843
426,2046,1906772,954754,952018
36,2039,27554998,13792239,13762759
36,1989,16680597,8327631,8352966
204,2001,6839006,3396412,3442594
233,1999,1389756,640249,749507
400,2009,6375040,3253768,3121272
500,1992,10495,5223,5272
430,2040,7042361,3500360,3542001
807,2046,2025289,1001814,1023475
643,2049,130448195,60699298,69748897
51,2047,2542324,1276608,1265716
504,2044,41051141,19951086,21100055
231,2045,207684347,102903108,104781239
858,1986,3032257,1478792,1553465
364,1996,65115779,33168473,31947306
304,2039,53571,26950,26621
328,2004,778038,392427,385611
498,2048,2328805,1161728,1167077
643,2009,142461491,65977506,76483985
798,2045,13143,6619,6524
4,2023,39311066,19894448,19416618
12,2042,52795174,26630120,26165054
262,2043,1311663,596583,715080
818,2004,71210963,36380383,34830580
686,1991,7553972,3691983,3861989
534,2022,44976,22203,22773
524,2042,33500859,16575965,16924894
156,1999,1260658633,649431980,611226653
428,2024,1794858,833500,961358
760,1997,15284321,7781729,7502592
430,1984,2095774,1066707,1029067
492,2046,30964,14875,16089
659,1982,43375,20969,22406
516,1997,1743326,872948,870378
796,1995,14940,7587,7353
860,2004,26268097,13064635,13203462
214,2015,10478756,5304806,5173950
670,2006,105685,53448,52237
368,1992,17896515,9032414,8864101
258,1995,216844,112166,104678
208,2048,5598638,2716887,2881751
231,2037,175778809,87159688,88619121
112,1999,10063643,4715922,5347721
807,2005,2045262,1021663,1023599
591,1989,2347202,1191641,1155561
324,1965,3313707,1588193,1725514
860,2027,32266605,16026578,16240027
308,1985,93059,45251,47808
508,2014,24692144,12043510,12648634
496,2009,2741412,1351733,1389679
470,2019,418313,208451,209862
616,2017,38476269,18627073,19849196
398,2003,15882506,7667215,8215291
626,2030,1689057,837310,851747
584,1990,45828,23443,22385
422,1995,3672123,1813004,1859119
854,2025,25384628,12646992,12737636
180,1996,47684709,23574980,24109729
203,2020,10702498,5269287,5433211
704,1993,71285149,35018720,36266429
540,1997,199383,100759,98624
262,2015,828324,379961,448363
246,2022,5600294,2759378,2840916
716,2008,11350111,5380153,5969958
512,2035,4600904,2445874,2155030
882,2024,209003,105977,103026
356,2012,1205073612,625350835,579722777
540,1990,168903,85771,83132
440,1992,3617607,1706071,1911536
212,2008,72514,36545,35969
90,2004,483173,246590,236583
348,2044,8791142,4215138,4576004
887,2035,38436783,19338399,19098384
833,2000,75703,36847,38856
16,2032,52035,25481,26554
480,2044,1453709,707120,746589
417,2012,5496737,2696142,2800595
566,2038,308116240,156667778,151448462
152,2050,19688474,9620837,10067637
608,2042,144386066,72215898,72170168
104,1982,34642188,17225401,17416787
376,1992,4804016,2397722,2406294
578,2008,4770096,2377970,2392126
392,2004,127693749,62229402,65464347
666,2022,5220,2520,2700
716,2031,19107079,9696493,9410586
591,2031,4360739,2183925,2176814
626,1996,895464,459758,435706
800,2013,34758809,17264460,17494349
616,2020,38282325,18523125,19759200
792,2046,89613205,44434894,45178311
500,1996,7947,3987,3960
516,2047,4012645,1981069,2031576
504,2009,31285174,15409926,15875248
92,2011,30391,14661,15730
417,2025,6218713,3043388,3175325
36,2042,27985787,14005824,13979963
368,2021,43253280,21853164,21400116
152,2027,18957912,9309834,9648078
854,2049,46415575,23075745,23339830
32,2036,50865127,25208364,25656763
450,2020,26955737,13475870,13479867
500,2036,5792,2896,2896
499,2044,598090,294658,303432
434,1984,3613956,1940357,1673599
44,1999,279305,136119,143186
178,1986,1981276,965738,1015538
702,2046,8407154,4055623,4351531
368,2024,46538938,23514776,23024162
678,2040,276579,137968,138611
480,2038,1455578,709402,746176
800,2048,89840453,44668558,45171895
442,2027,699337,352889,346448
56,2005,10469152,5127076,5342076
178,1980,1675110,811893,863217
24,1975,6050398,3011234,3039164
360,2041,297458585,148815357,148643228
31,1992,7718036,3744018,3974018
320,1984,7380338,3710586,3669752
616,2030,36984334,17844274,19140060
462,1999,291480,156204,135276
450,1999,15263710,7599474,7664236
798,2027,11992,5964,6028
616,2011,38631804,18719032,19912772
332,2043,13895565,6795524,7100041
262,1963,128813,64476,64337
528,2013,16805037,8314141,8490896
496,2022,3225568,1571170,1654398
462,1988,200075,103412,96663
174,2050,1169893,560435,609458
192,2006,11266419,5633025,5633394
663,2022,32776,15713,17063
705,2044,1682001,810648,871353
0,2025,1999461,1029483,969978
894,1997,9169242,4584865,4584377
496,2043,3609737,1725925,1883812
831,1999,61701,29960,31741
504,2034,38907198,18984488,19922710
580,2033,67663,32687,34976
654,2028,7884,3918,3966
690,1977,61791,31120,30671
410,1996,45467969,22843955,22624014
705,1996,2007429,975228,1032201
104,2005,50572091,25146773,25425318
480,2034,1449346,707489,741857
332,2011,9669723,4769182,4900541
800,1969,9449977,4779331,4670646
76,1986,138567223,68971523,69595700
454,2021,21905190,10844093,11061097
534,2019,43265,21362,21903
562,2026,25351560,12709349,12642211
470,2028,420823,209650,211173
266,2015,1705336,849293,856043
882,2042,234238,117336,116902
450,2022,28240946,14118481,14122465
662,2026,168831,81789,87042
72,2046,2797718,1506602,1291116
348,2006,10046269,4786647,5259622
784,1995,2457980,1645811,812169
12,2027,46821890,23712517,23109373
64,1953,176902,90363,86539
466,1993,9111996,4471484,4640512
328,2020,750204,378146,372058
116,1983,7530652,3512508,4018144
266,2047,3068916,1551503,1517413
136,2038,80980,39103,41877
48,1982,377803,219414,158389
540,2039,348047,172237,175810
752,2018,10040995,5018458,5022537
531,2038,154115,74808,79307
706,2024,12938928,6507972,6430956
690,2038,102444,53923,48521
533,1997,86206,41083,45123
608,2020,109180815,54791367,54389448
148,1964,3271357,1615756,1655601
214,2025,11702846,5910115,5792731
120,1985,10226702,5114324,5112378
531,2048,150948,73941,77007
214,2019,10985823,5556395,5429428
666,1995,6404,3204,3200
583,2023,100420,49172,51248
64,2025,820143,425034,395109
624,1992,1051003,507626,543377
246,2029,5645963,2780270,2865693
578,1991,4261733,2107177,2154556
796,2007,33911,17154,16757
214,2007,9426233,4780046,4646187
882,2021,205029,104203,100826
428,1994,2516781,1160700,1356081
64,1999,595628,315474,280154
258,1990,199525,103495,96030
784,1990,1826250,1213821,612429
854,2037,35010102,17434926,17575176
222,2043,6289652,2999721,3289931
100,2019,7012640,3418862,3593778
262,2019,902892,411209,491683
624,2041,2601006,1281065,1319941
662,2010,160922,78583,82339
112,2038,8843736,4114889,4728847
156,2048,1316095211,660827966,655267245
36,2015,22751014,11407202,11343812
234,2001,46590,24133,22457
262,1962,122681,61413,61268
646,2027,16820810,8393793,8427017
246,2002,5192708,2537061,2655647
116,1973,7535755,3736351,3799404
250,2035,70050140,34265492,35784648
174,1982,355976,176402,179574
112,2034,8993837,4182445,4811392
417,1995,4620023,2274038,2345985
659,2015,51936,25971,25965
670,2021,101179,51487,49692
250,1991,58604822,28548634,30056188
56,2013,11148086,5477439,5670647
203,2015,10644842,5231158,5413684
705,2016,1978029,963059,1014970
188,2041,5915377,2938539,2976838
760,2004,18186448,9242292,8944156
652,2047,6607,3433,3174
418,2014,6803699,3376177,3427522
894,2028,21879699,10927788,10951911
112,2037,8881429,4131579,4749850
360,2022,271057714,135679993,135377721
430,2044,7509270,3730866,3778404
360,2038,295067727,147669708,147398019
484,2021,129951482,63658621,66292861
440,2043,2007752,941030,1066722
498,1993,4380766,2091663,2289103
234,2024,52891,27356,25535
8,2035,3062363,1501171,1561192
328,2039,854864,427891,426973
90,1985,272932,139889,133043
508,2006,20511666,9925098,10586568
214,2005,9164472,4648799,4515673
800,1980,12019708,5933201,6086507
840,2036,372389679,184071974,188317705
64,2039,906964,465359,441605
710,2011,51453823,25503187,25950636
748,1980,611463,296623,314840
174,2009,690013,335107,354906
566,2010,160341173,81804988,78536185
728,2031,19100649,9659470,9441179
598,2021,7374026,3750819,3623207
768,2009,6405008,3176216,3228792
646,2019,13989620,6978923,7010697
192,1986,10182674,5134225,5048449
178,2035,7474786,3739895,3734891
818,2005,72688283,37127595,35560688
768,2048,15974379,7920027,8054352
64,1954,181528,92706,88822
348,2012,9958453,4743872,5214581
800,1985,13810985,6775681,7035304
804,2038,39867276,18587987,21279289
132,2004,462795,223375,239420
662,2021,166946,81095,85851
732,1979,109402,53999,55403
84,2045,520684,263372,257312
792,2032,87380643,43687391,43693252
360,2035,291923783,146133199,145790584
764,2002,63884702,31588644,32296058
104,2042,68565662,33866828,34698834
780,1984,1168881,584734,584147
643,2016,142355415,65864513,76490902
64,1952,172401,88084,84317
320,1988,8495815,4270274,4225541
764,2011,66987118,32981385,34005733
818,2025,115502146,59003788,56498358
446,2021,618171,292811,325360
686,2043,24561367,11923107,12638260
818,2039,145307475,74144102,71163373
498,2045,2431772,1209540,1222232
170,2046,56038332,27635733,28402599
548,2018,288037,143688,144349
408,2027,26441457,12867778,13573679
158,2035,23148087,11179692,11968395
643,2022,141164367,65283665,75880702
690,1988,69195,34258,34937
508,2019,27910300,13673065,14237235
132,1996,394798,189558,205240
702,2000,4063333,2011341,2051992
748,2043,1781805,920310,861495
4,2017,34124811,17294717,16830094
136,2046,87929,42366,45563
834,2044,105089318,52604240,52485078
756,2047,9455242,4637782,4817460
876,2021,15895,8092,7803
364,2007,74093270,37641145,36452125
533,1983,62019,30134,31885
598,1992,3886602,2059820,1826782
728,2043,24089337,12160565,11928772
466,2016,17467108,8505621,8961487
762,1994,5604488,2784930,2819558
340,1985,4077312,2031998,2045314
634,2024,2547049,1957453,589596
499,2023,637473,317178,320295
148,2014,11412107,5502019,5910088
706,2045,20683903,10269677,10414226
192,1987,10278541,5179959,5098582
100,2002,7784233,3819301,3964932
174,1981,347694,172547,175147
148,1973,3969803,1931021,2038782
626,2035,1828729,902851,925878
484,1984,74943413,37102227,37841186
760,2050,31225740,15614588,15611152
152,2037,19580625,9594463,9986162
152,2014,17363894,8536843,8827051
170,2021,49528737,24475449,25053288
292,2012,29034,14615,14419
414,2004,2197285,1300141,897144
90,2029,795650,405993,389657
324,1955,2786879,1326419,1460460
796,2021,57022,28696,28326
833,2016,88195,44131,44064
276,2013,81147265,39877075,41270190
442,2009,500087,248536,251551
776,2037,96844,48461,48383
458,2008,27357758,13902752,13455006
148,2019,12528344,6060827,6467517
450,2043,41613319,20753178,20860141
516,2046,3963690,1956715,2006975
266,2028,2183100,1094212,1088888
418,2040,9348860,4624923,4723937
50,2013,151466689,74987788,76478901
540,2042,354978,175502,179476
276,1991,79984244,38657711,41326533
862,2021,32808893,16350228,16458665
652,2043,6716,3493,3223
51,2032,2849579,1406759,1442820
340,2034,11271255,5689340,5581915
756,1992,7000610,3451041,3549569
710,1988,36806859,17923972,18882887
480,1986,1028233,511691,516542
116,1994,10974244,5293956,5680288
516,2033,3296330,1623469,1672861
148,2021,12984142,6288645,6695497
462,1998,281184,149052,132132
404,2011,41943504,20919917,21023587
531,2002,131711,62376,69335
652,1999,6938,3714,3224
96,1991,259254,136784,122470
233,2043,997893,481597,516296
508,2002,18801884,9055682,9746202
643,2013,142500482,65953460,76547022
203,2009,10518271,5159612,5358659
232,2047,8648684,4257333,4391351
496,1994,2272058,1132973,1139085
764,2019,68804427,33725448,35078979
876,2035,16040,8177,7863
894,2007,12000691,5996944,6003747
174,2040,1078131,518248,559883
818,2040,147476084,75242605,72233479
40,2007,8379589,4082017,4297572
776,2039,94791,47396,47395
234,2033,55195,28340,26855
646,2010,11055976,5504785,5551191
740,2047,714447,356450,357997
324,1992,6800519,3371986,3428533
724,2032,52764189,26029239,26734950
520,1998,9885,5050,4835
578,2028,5798719,2927936,2870783
688,2015,7176794,3498867,3677927
520,2048,11793,5255,6538
462,2028,394776,196350,198426
554,1986,3340633,1654893,1685740
776,2013,106322,53339,52983
12,2047,54565705,27470321,27095384
268,2021,4932580,2360571,2572009
834,2038,92160836,46131646,46029190
372,2023,5325991,2658320,2667671
440,2036,2221431,1035116,1186315
96,2016,436620,215718,220902
826,2025,67243723,33509139,33734584
748,1986,749420,365222,384198
36,1987,16136716,8057490,8079226
246,2036,5614695,2761694,2853001
348,2042,8887877,4258715,4629162
454,2018,19842560,9820698,10021862
352,2018,343518,172113,171405
630,2017,3560019,1699034,1860985
710,2017,54841552,27138656,27702896
72,2007,1913422,954652,958770
705,2050,1596947,768923,828024
804,2018,43952299,20359723,23592576
144,1987,16287539,8172455,8115084
388,2044,3469351,1727113,1742238
231,2021,117856725,58519092,59337633
862,2041,38429673,19164446,19265227
756,2035,9084758,4473725,4611033
764,2003,64334844,31799020,32535824
876,2039,15948,8122,7826
100,2029,6530733,3178993,3351740
178,2030,6673866,3342262,3331604
50,2004,136788684,68716745,68071939
686,2023,16834516,8149407,8685109
585,2024,22020,11260,10760
442,2039,792208,398921,393287
188,2032,5647134,2816400,2830734
136,2011,51384,25091,26293
76,1992,154460821,76758146,77702675
804,2003,47692440,22048586,25643854
418,2002,5578027,2764687,2813340
384,2024,27227855,13735410,13492445
524,1978,13993609,7115248,6878361
450,2010,20846615,10414790,10431825
72,1984,1043396,493919,549477
703,2046,4968350,2404118,2564232
756,2018,8292809,4092060,4200749
446,2005,474027,225466,248561
800,2020,43517666,21627819,21889847
410,2021,52016438,26069390,25947048
466,2028,24368775,11843654,12525121
376,2042,11466591,5759459,5707132
887,2016,27392779,13861485,13531294
76,2041,231468908,112986104,118482804
674,2037,36355,17484,18871
795,2039,6333904,3117621,3216283
780,2034,1124324,567174,557150
0,2018,1907592,982911,924681
642,2002,22365752,10920452,11445300
533,1989,60687,29109,31578
174,1999,531430,259357,272073
652,1984,3681,1878,1803
498,2002,4088890,1965036,2123854
496,1993,2242277,1118573,1123704
616,2039,35237804,16966948,18270856
764,2038,69047283,33486587,35560696
344,2032,7247577,3304837,3942740
642,2042,19077803,9238800,9839003
340,2044,12368051,6244849,6123202
654,2022,7876,3948,3928
70,2006,3894410,1897642,1996768
296,2013,103248,50547,52701
262,1994,546892,263866,283026
776,2004,102703,51506,51197
24,1988,9032913,4534324,4498589
710,2037,64383713,31920891,32462822
222,2006,5970893,2889468,3081425
48,2025,1579899,945161,634738
428,2003,2308159,1062664,1245495
196,2009,1084748,553217,531531
36,2043,28123182,14074341,14048841
368,2032,55726983,28149265,27577718
654,2031,7862,3889,3973
76,2021,213093938,104877980,108215958
598,2046,9810955,4934998,4875957
52,1985,257247,122776,134471
598,2023,7600936,3861119,3739817
598,1987,3401467,1825966,1575501
478,2023,4256298,2049788,2206510
840,2031,361684740,178672200,183012540
300,1999,10536749,5191375,5345374
840,1986,240132887,116865159,123267728
124,2004,32134763,15935646,16199117
642,2041,19196139,9298235,9897904
246,1998,5146983,2509035,2637948
84,2007,294610,149241,145369
108,1994,5539656,2724118,2815538
180,1986,34385929,16897959,17487970
662,1980,122477,59452,63025
796,2039,75068,37382,37686
144,1982,15514549,7898736,7615813
12,2009,35268128,17842465,17425663
178,1990,2220993,1086547,1134446
654,2013,7754,3919,3835
480,2025,1412384,692090,720294
798,1999,10014,4898,5116
686,2026,17957583,8696856,9260727
562,2012,16344687,8201193,8143494
706,1975,4127771,2068014,2059757
732,2014,554795,275234,279561
659,2017,52715,26374,26341
332,2000,8279356,4078804,4200552
694,2015,5879098,2855348,3023750
690,2018,94633,48766,45867
678,2002,147133,73192,73941
84,2022,392321,198651,193670
462,2040,426986,212071,214915
0,1988,1790565,912832,877733
214,1996,7898976,4010103,3888873
688,2042,6205174,3017153,3188021
212,2025,74374,37563,36811
470,2023,420792,209718,211074
340,2009,7833696,3938493,3895203
48,1992,538020,308668,229352
706,1999,7241658,3629686,3611972
304,2029,56488,28925,27563
156,2028,1406939502,718281953,688657549
480,2029,1432699,700862,731837
833,2045,93849,47038,46811
792,1997,63165562,31914397,31251165
64,2022,797824,414353,383471
807,2020,2112774,1051601,1061173
90,1983,255347,131182,124165
188,1984,2567601,1297215,1270386
144,2021,23035344,11240533,11794811
716,2020,15831990,7965943,7866047
188,2007,4331130,2178073,2153057
524,2050,33265760,16506170,16759590
752,2000,8924354,4413248,4511106
534,2042,52027,25567,26460
212,2012,73126,36892,36234
174,2022,870408,420572,449836
218,2035,19513299,9639214,9874085
704,2023,101050273,50737985,50312288
417,2017,5789122,2837331,2951791
454,2032,31159493,15432886,15726607
414,1985,1732824,991767,741057
499,2010,666730,332110,334620
492,2011,30539,14887,15652
376,2020,8675475,4361465,4314010
768,1984,3021789,1505731,1516058
702,1990,3047100,1533234,1513866
724,2027,51868014,25608549,26259465
320,2012,14099032,6954829,7144203
262,2007,694379,324457,369922
583,2009,107434,53613,53821
478,2021,4088630,1968989,2119641
320,2025,17564073,8650673,8913400
580,2006,60665,29072,31593
376,2044,11703120,5876254,5826866
324,1988,5666825,2796229,2870596
740,2017,591919,298015,293904
580,2037,70432,34030,36402
434,2011,5767159,2995154,2772005
36,2013,22262501,11160085,11102416
398,2025,19809426,9384226,10425200
630,2038,3269123,1556943,1712180
344,2042,6959334,3122634,3836700
678,2016,197541,98594,98947
208,2017,5605948,2759213,2846735
64,1981,461945,243427,218518
266,1985,833036,408521,424515
16,2006,56652,28626,28026
203,2042,10393712,5146045,5247667
250,1996,60094948,29290467,30804481
634,2011,1849257,1411140,438117
634,2029,2594449,1976853,617596
732,1980,124043,61291,62752
48,2013,1281332,776753,504579
478,1990,1924978,931449,993529
600,1982,3338368,1666221,1672147
492,2006,30951,15129,15822
454,2011,15709663,7771769,7937894
756,2007,7529531,3692721,3836810
663,2015,31754,15275,16479
807,1999,2004985,1003469,1001516
324,1973,3862799,1857590,2005209
534,2023,45521,22469,23052
850,2002,108208,51489,56719
858,1998,3195923,1548875,1647048
716,2024,17071850,8614892,8456958
90,1997,398091,202977,195114
68,1996,7534395,3730369,3804026
356,1993,886743707,458065244,428678463
64,1996,565330,300443,264887
566,1968,52449374,27000742,25448632
554,2008,4173460,2076112,2097348
840,1987,242288918,117960809,124328109
566,2046,362505155,184046392,178458763
20,2035,82994,41801,41193
662,2035,169754,81794,87960
634,2008,1417957,1054202,363755
50,2020,162650853,79959419,82691434
90,1999,421716,215075,206641
360,1997,204258115,101800974,102457141
242,2046,1009011,506011,503000
300,2013,10772967,5266863,5506104
250,2034,69986674,34241271,35745403
533,2025,126130,59571,66559
512,1994,2076785,1208698,868087
344,2009,7038760,3332885,3705875
729,2008,31732535,16095546,15636989
626,1990,739630,382671,356959
266,1991,960425,474708,485717
40,2001,8141540,3960371,4181169
480,2027,1423301,696861,726440
776,2006,103871,52097,51774
434,2005,5570030,2886856,2683174
430,2039,6924855,3442280,3482575
140,1992,3266519,1594871,1671648
12,1989,24561722,12378530,12183192
438,2018,38547,19169,19378
585,2021,21769,11209,10560
484,2012,117299155,57569792,59729363
598,2041,9403749,4737957,4665792
756,2009,7693227,3782626,3910601
762,2042,11406217,5646985,5759232
434,2031,7848655,4028404,3820251
580,2034,68354,33019,35335
540,2044,359267,177516,181751
392,2027,122382835,59080404,63302431
512,1999,2376176,1354439,1021737
184,2031,6781,3447,3334
807,2018,2107091,1049163,1057928
112,2036,8918965,4148392,4770573
304,1998,56613,30207,26406
654,2016,7813,3941,3872
262,1980,326873,164747,162126
795,2026,5849515,2892398,2957117
400,2031,9119477,4554617,4564860
96,1995,287990,150881,137109
440,2039,2128957,994140,1134817
64,1959,206619,105417,101202
76,2016,205823665,101498768,104324897
792,2049,89411198,44249723,45161475
20,2027,84799,43197,41602
800,2034,65089614,32373433,32716181
470,2029,420396,209402,210994
894,1980,5540358,2785637,2754721
40,2032,9097548,4447133,4650415
50,1981,85726506,44263904,41462602
296,2027,120106,57899,62207
504,1989,23549802,11741515,11808287
268,2014,4935880,2360062,2575818
724,2009,46295240,22841177,23454063
158,1999,22007811,11277580,10730231
566,1972,58946321,30338319,28608002
498,2030,2984543,1470289,1514254
192,2017,11147407,5551443,5595964
56,2016,11409077,5615193,5793884
408,2045,27073044,13125942,13947102
876,2009,15289,7698,7591
203,2019,10695547,5264206,5431341
262,1953,85698,42926,42772
548,2008,234300,118095,116205
499,2028,631788,313997,317791
84,1988,181396,91899,89497
31,2028,10690283,5300077,5390206
585,2034,22767,11367,11400
834,2028,72314054,36160243,36153811
643,2047,131478203,61092958,70385245
430,2015,4195666,2091313,2104353
666,2016,5595,2732,2863
384,2048,36445226,18280168,18165058
690,1999,78137,38788,39349
178,2013,4574099,2293258,2280841
688,2030,6672023,3248706,3423317
304,2023,57399,29700,27699
442,1999,432439,213006,219433
496,2033,3455766,1665761,1790005
231,1983,40673915,20456425,20217490
222,2031,6346002,3033415,3312587
796,2016,51430,25935,25495
410,2011,49559043,24814756,24744287
442,2002,448481,221332,227149
654,2018,7841,3948,3893
458,2011,28728607,14587048,14141559
48,2029,1627360,964151,663209
504,1993,25292640,12583203,12709437
368,2007,27681323,13937068,13744255
678,1984,102116,50706,51410
64,1998,585274,310343,274931
340,2028,10532959,5312972,5219987
604,2014,30147935,14845582,15302353
178,1994,2498635,1227043,1271592
840,2022,339698079,167656161,172041918
300,2012,10767827,5266922,5500905
756,2013,7996026,3939479,4056547
540,2020,290009,144611,145398
270,2047,3120956,1537238,1583718
231,2046,211737226,104900191,106837035
534,2008,36233,17818,18415
96,2003,347260,177693,169567
152,2009,16601954,8162275,8439679
768,2014,7351374,3645760,3705614
288,1994,17022080,8475124,8546956
262,1972,196978,98477,98501
784,2008,4621399,3174048,1447351
616,2004,38574205,18721138,19853067
44,2019,335210,164291,170919
674,2005,29605,14347,15258
422,1996,3704663,1827656,1877007
682,2045,38781332,20630206,18151126
422,2020,5469612,2732658,2736954
28,2046,120990,56239,64751
788,2017,11229332,5575434,5653898
404,1995,27163001,13537966,13625035
180,2006,62522207,31078843,31443364
492,2034,32559,15622,16937
44,2007,301972,147575,154397
384,2004,18504380,9397755,9106625
12,2017,40969443,20752429,20217014
604,2037,35688352,17300240,18388112
492,1997,31316,15152,16164
504,1985,21643785,10815672,10828113
678,2044,289830,144496,145334
60,1991,58095,28183,29912
192,2002,11210056,5607491,5602565
728,2046,25288202,12760841,12527361
616,1989,37970155,18507814,19462341
831,2028,67931,33642,34289
180,2031,110773697,55279363,55494334
108,2035,20028584,9990312,10038272
654,2004,7434,3770,3664
188,2016,4872543,2444100,2428443
558,2048,7222187,3517957,3704230
180,1984,32341528,15869991,16471537
831,2015,66080,32783,33297
100,2001,7846982,3850021,3996961
826,2029,68231540,33999537,34232003
492,2037,32464,15555,16909
368,2049,75416274,38002780,37413494
332,2010,9553473,4713492,4839981
392,2047,109448221,52608456,56839765
231,1986,41642553,20996788,20645765
72,2014,2155784,1092141,1063643
384,1988,11511744,5890926,5620818
231,1982,39478541,19862956,19615585
44,2030,358149,175734,182415
795,1992,3830233,1890652,1939581
234,2043,56464,28792,27672
690,1992,72501,35892,36609
800,2004,26046980,12925042,13121938
324,2016,12093349,6052364,6040985
584,2035,92930,46909,46021
31,1990,7497290,3642448,3854842
414,2030,3330664,1902489,1428175
112,2005,9806452,4575843,5230609
894,2045,34496266,17220922,17275344
104,1997,45426168,22580937,22845231
480,2032,1443850,705402,738448
840,2023,342267302,168947197,173320105
652,1985,3933,2031,1902
108,2006,8031787,3984316,4047471
504,2016,33655786,16529722,17126064
51,2014,3060631,1477083,1583548
384,2041,33976809,17074476,16902333
180,2001,54057719,26793175,27264544
600,2050,8840105,4378441,4461664
417,2045,6955901,3392408,3563493
36,2002,19534938,9755199,9779739
703,2005,5407676,2625668,2782008
242,2003,823178,418335,404843
96,2038,578421,274562,303859
826,2030,68450513,34106654,34343859
654,2030,7871,3899,3972
478,2003,2699242,1300416,1398826
428,2006,2238543,1030785,1207758
226,2026,955729,478425,477304
410,2023,52326199,26227208,26098991
654,1989,6634,3382,3252
548,2049,429095,209982,219113
496,1999,2432721,1210072,1222649
304,2005,57780,30669,27111
663,2009,29820,14329,15491
152,1995,14172533,6964253,7208280
51,2022,3000009,1463790,1536219
12,2018,41657488,21102570,20554918
792,2041,89404093,44470623,44933470
410,2010,49258140,24671337,24586803
0,1987,1753440,893741,859699
184,2033,6556,3324,3232
24,2048,44014878,22235496,21779382
528,2017,17084719,8452190,8632529
384,2020,25503829,12879618,12624211
250,2031,69718221,34129371,35588850
724,2000,40589004,19873537,20715467
348,2013,9939470,4735370,5204100
562,2031,29158474,14605476,14552998
716,1985,8560488,4242081,4318407
520,2049,11893,5294,6599
682,1997,19818379,11207362,8611017
262,2002,716351,335890,380461
860,2006,26810463,13338885,13471578
231,1996,57424029,28746757,28677272
752,2015,9801616,4895997,4905619
834,2005,38486138,19068101,19418037
894,2048,37155040,18546812,18608228
728,2034,20363273,10292941,10070332
882,1990,162834,86175,76659
418,2023,7763948,3851945,3912003
694,2048,13007991,6384006,6623985
212,2015,73607,37158,36449
392,2031,120176487,57924248,62252239
626,1993,814060,419391,394669
446,2030,639866,299950,339916
566,2047,369614879,187613058,182001821
626,2015,1231116,617674,613442
90,1984,264010,135469,128541
360,2046,299762295,149854581,149907714
324,2002,8520304,4251658,4268646
426,2024,1972259,977843,994416
480,1998,1160659,573205,587454
136,2003,41985,20534,21451
270,2018,2092731,1033749,1058982
76,1995,161911449,80379696,81531753
64,2005,654897,344763,310134
438,2027,40999,20445,20554
356,2019,1311559204,680722922,630836282
180,2021,91235492,45530291,45705201
608,1998,73249205,36734270,36514935
124,2024,37337305,18493177,18844128
428,2034,1574236,738594,835642
876,2006,15144,7595,7549
124,2002,31640962,15685550,15955412
68,2045,15400586,7616876,7783710
242,2035,985941,497348,488593
184,2000,16307,8406,7901
528,2038,17973283,8815445,9157838
152,1986,12144931,5953845,6191086
768,2020,8608444,4269397,4339047
762,2018,8604882,4279881,4325001
48,2001,672086,383441,288645
710,1989,37658393,18349742,19308651
624,2002,1333120,645930,687190
388,2011,2868380,1419153,1449227
832,2032,106666,52717,53949
112,1997,10128530,4748899,5379631
232,2039,7811077,3848390,3962687
96,2026,505449,244756,260693
100,2005,7611110,3731879,3879231
578,2003,4566303,2262942,2303361
858,2012,3316328,1600727,1715601
292,1983,28345,14281,14064
208,2032,5733661,2797875,2935786
300,1998,10520068,5185090,5334978
508,2049,57670998,28685610,28985388
214,2018,10860656,5494382,5366274
76,2018,208846892,102910189,105936703
458,2036,38795926,19496876,19299050
28,1991,64025,30854,33171
586,2009,181457277,93208482,88248795
304,2010,57637,30404,27233
328,2014,735554,371400,364154
364,2009,75967610,38576262,37391348
417,1989,4402443,2158560,2243883
430,1980,1857103,942842,914261
795,2022,5642053,2792770,2849283
548,2035,371247,183007,188240
20,2026,84962,43334,41628
12,1998,29768857,15037198,14731659
170,1981,27214894,13445935,13768959
624,2034,2366140,1164360,1201780
729,2024,42009913,21046286,20963627
332,1983,5827392,2860759,2966633
760,2019,20893752,10513540,10380212
275,2043,3957435,2000656,1956779
52,2001,274906,132926,141980
466,2015,16955536,8258647,8696889
434,1991,4205118,2200807,2004311
233,2022,1211410,569753,641657
654,2040,7686,3752,3934
764,2001,63394597,31357312,32037285
222,2030,6340011,3031453,3308558
422,2014,5882562,2944702,2937860
100,2006,7558417,3704683,3853734
705,2010,2003136,975535,1027601
398,2040,21400802,10024896,11375906
666,2048,3622,1670,1952
454,1991,9691444,4774700,4916744
562,2006,13253323,6645250,6608073
795,2020,5528627,2737855,2790772
442,2046,838953,421501,417452
328,1995,768964,386179,382785
833,2031,94013,47220,46793
100,2044,5814048,2838475,2975573
646,2020,14327380,7148149,7179231
831,2006,63433,31178,32255
372,2020,5176569,2585243,2591326
478,2005,2837937,1366957,1470980
132,2023,605095,294149,310946
120,1983,9586213,4791253,4794960
690,2002,81125,40576,40549
462,2043,433164,215007,218157
531,2026,153805,74072,79733
608,2008,90020447,45165282,44855165
348,2027,9543044,4556324,4986720
729,2021,39822684,19985022,19837662
308,1997,99568,49605,49963
792,2028,85878799,43018250,42860549
348,2049,8541176,4101703,4439473
604,2011,29248943,14446854,14802089
780,2014,1223916,620166,603750
600,1989,4080563,2042825,2037738
50,1996,119605451,60699794,58905657
780,2043,1066725,534838,531887
732,1993,243299,120398,122901
694,2013,5612685,2724277,2888408
438,2045,43403,21734,21669
392,2022,124732372,60340993,64391379
0,2004,1757142,903576,853566
56,2022,11857833,5846913,6010920
360,2026,278540320,139453343,139086977
120,2050,51912309,25887407,26024902
600,1984,3530545,1763509,1767036
226,2033,1097818,550500,547318
562,2023,23190380,11630492,11559888
262,1955,90391,45276,45115
268,2034,4875816,2338694,2537122
84,1987,176353,89326,87027
438,2000,32748,16133,16615
31,2049,11214028,5546406,5667622
662,2014,163362,79627,83735
292,2008,28708,14468,14240
246,2008,5304716,2599529,2705187
728,2029,18264602,9239878,9024724
504,2017,33986655,16686173,17300482
724,2035,53138844,26194704,26944140
724,2015,48146134,23769121,24377013
462,1995,260584,137787,122797
242,2006,843945,428890,415055
12,1987,23254956,11706733,11548223
112,2027,9254695,4304037,4950658
218,2011,15007343,7464869,7542474
756,2026,8714172,4300820,4413352
520,2045,11497,5140,6357
8,2031,3097576,1521712,1575864
654,2033,7839,3865,3974
384,2009,20617068,10454628,10162440
634,2014,2123160,1637518,485642
533,2008,101541,48245,53296
630,2030,3414456,1624598,1789858
688,2013,7243007,3531446,3711561
478,2006,2909101,1401128,1507973
368,1990,18139958,9281830,8858128
308,1989,94303,46258,48045
152,2002,15514805,7625920,7888885
860,2043,34587558,17082429,17505129
191,2023,4165651,2010361,2155290
598,2024,7712768,3915499,3797269
0,2014,1859203,957782,901421
690,2041,102443,54032,48411
208,1998,5302767,2619726,2683041
887,2048,45157387,22623129,22534258
222,1996,5564105,2704898,2859207
32,1986,31144993,15431531,15713462
728,2040,22865288,11547326,11317962
233,2010,1302817,603201,699616
24,1987,8824466,4427475,4396991
780,2000,1251775,631575,620200
860,2049,35059301,17278041,17781260
608,1995,68471642,34326023,34145619
76,2000,174315386,86416272,87899114
548,2039,389175,191419,197756
887,2003,18855729,9582101,9273628
48,2047,1823041,1061880,761161
531,2042,153098,74567,78531
120,2004,17641434,8845185,8796249
44,2009,307552,150380,157172
705,2034,1809532,875669,933863
208,2047,5610603,2723213,2887390
174,2030,963509,464357,499152
438,2001,33312,16418,16894
478,2007,2981452,1435886,1545566
72,2038,2656291,1413906,1242385
686,1980,5611326,2792198,2819128
784,2034,7726484,5181853,2544631
204,2034,16624622,8394656,8229966
212,2034,72689,36614,36075
226,2039,1218198,611223,606975
663,2042,34281,16236,18045
100,2041,5953933,2905090,3048843
52,2037,295337,141549,153788
496,2010,2783419,1371174,1412245
72,1981,934438,438560,495878
90,2008,533776,272511,261265
450,2013,22599098,11293748,11305350
376,2023,9052420,4552317,4500103
84,1984,160810,81426,79384
191,2016,4313707,2080266,2233441
140,2026,6772059,3371182,3400877
258,2050,324712,163237,161475
558,2004,5193390,2559193,2634197
148,2044,18733049,9156731,9576318
203,2028,10661028,5258585,5402443
496,2026,3323506,1612633,1710873
887,2008,21885623,11096156,10789467
308,2001,102294,51190,51104
705,2041,1722292,830857,891435
792,2001,66895864,33789424,33106440
140,2011,4950027,2448721,2501306
600,1981,3250841,1622066,1628775
620,2046,10166414,5026491,5139923
400,2042,10504197,5213943,5290254
512,2013,3154134,1726660,1427474
642,2046,18585940,8992433,9593507
356,2015,1251695584,649676415,602019169
144,2044,25106227,12209450,12896777
440,2015,2884433,1328927,1555506
666,1982,6047,2986,3061
434,2018,6754507,3492729,3261778
288,2032,37589983,18488974,19101009
716,2036,20584534,10481243,10103291
496,1992,2210189,1103031,1107158
364,2004,71439502,36318690,35120812
0,2024,1985586,1022544,963042
705,2036,1785538,863215,922323
170,1973,23069231,11432306,11636925
204,2004,7526831,3749833,3776998
492,2039,32286,15463,16823
316,2028,181384,91336,90048
328,1997,768063,387171,380892
214,2040,13096875,6581199,6515676
268,2003,4750669,2260332,2490337
724,2025,51415437,25389706,26025731
666,2020,5347,2592,2755
376,2007,6975352,3495774,3479578
232,1993,3053544,1496168,1557376
724,1992,39552425,19391868,20160557
296,2016,106925,52154,54771
417,2022,6072457,2973808,3098649
384,2008,20179602,10236857,9942745
50,1998,124225950,62874359,61351591
52,2027,297501,143433,154068
703,2042,5074975,2455795,2619180
591,2047,4811239,2394350,2416889
604,2005,27442387,13655667,13786720
372,2030,5631460,2804723,2826737
458,2042,40743927,20420145,20323782
231,2008,81135648,40369714,40765934
826,2024,66967559,33370065,33597494
132,2032,663810,322892,340918
704,2001,80209475,39672721,40536754
300,2048,10111625,4854152,5257473
84,2021,386000,195448,190552
52,1984,256114,122025,134089
158,1993,20886065,10772804,10113261
498,2050,2261208,1130277,1130931
678,2009,172103,85796,86307
418,1996,4947629,2452495,2495134
540,2004,228022,114778,113244
752,2021,10282572,5139089,5143483
690,2014,91650,46929,44721
616,2044,34152178,16445241,17706937
232,2048,8745843,4304350,4441493
136,2016,57268,27916,29352
380,2005,59037808,28520376,30517432
148,2022,13214840,6403909,6810931
776,2000,100125,50198,49927
586,2043,276123110,140022284,136100826
792,2048,89505758,44324940,45180818
466,1994,9331700,4582616,4749084
158,2010,23126580,11620865,11505715
554,2012,4327944,2154029,2173915
417,2032,6509581,3180118,3329463
500,2000,3951,2009,1942
398,2032,20583218,9695847,10887371
533,1990,63032,30313,32719
84,2043,510962,258506,252456
706,2005,8790161,4389519,4400642
214,2041,13166990,6613832,6553158
368,2027,49922282,25223347,24698935
450,1978,8224285,4110081,4114204
450,1984,9740535,4860286,4880249
417,2028,6349505,3105042,3244463
84,1996,222972,113146,109826
600,2006,6020467,3022410,2998057
670,1995,108792,54516,54276
214,2023,11471209,5796188,5675021
92,2035,48908,22917,25991
188,2015,4814144,2415503,2398641
275,2023,3052489,1551857,1500632
368,2030,53386335,26970275,26416060
660,2007,13781,6734,7047
140,1986,2775360,1348321,1427039
831,2019,66880,33222,33658
704,2000,79177981,39130940,40047041
454,2026,25775947,12764524,13011423
776,2018,106398,53378,53020
608,2041,142916165,71494647,71421518
554,1989,3377543,1670979,1706564
233,2016,1258545,587518,671027
832,2047,107580,53325,54255
214,2010,9823821,4978706,4845115
180,2013,75507308,37630328,37876980
100,1997,8121167,3985862,4135305
410,1997,45807825,22995442,22812383
540,2037,343094,169898,173196
246,2001,5180309,2529251,2651058
740,1987,403912,202434,201478
92,2048,58200,27051,31149
0,1990,1861687,949539,912148
499,1996,683946,340362,343584
724,2008,45910365,22647210,23263155
174,2014,766865,371689,395176
116,1966,6779482,3394574,3384908
528,2006,16320437,8064996,8255441
232,1986,2877999,1421240,1456759
288,2041,44685651,21955326,22730325
440,2037,2190446,1021353,1169093
694,2031,8713741,4258399,4455342
408,1993,21562954,10499923,11063031
408,2049,26997291,13077802,13919489
84,1983,156846,79376,77470
140,2015,5391539,2673342,2718197
262,2023,978926,443735,535191
752,2013,9647386,4815295,4832091
324,2020,13419912,6718358,6701554
686,2005,10804122,5230226,5573896
654,1995,6946,3531,3415
332,2002,8580463,4231548,4348915
694,1986,3787392,1854176,1933216
682,2046,39079418,20777698,18301720
724,2017,48958159,24174294,24783865
148,1987,5391517,2605570,2785947
196,1999,906875,459564,447311
554,1994,3586304,1777755,1808549
760,2047,30616178,15325413,15290765
690,1987,68460,33922,34538
104,2032,64960359,32181180,32779179
212,2026,74311,37526,36785
894,1994,8471277,4237423,4233854
508,1999,17605244,8444445,9160799
818,2038,143146853,73049147,70097706
408,2009,24190924,11715527,12475397
12,2008,34619419,17510904,17108515
52,2041,292339,139735,152604
702,2033,7492198,3637137,3855061
184,2023,7970,4087,3883
0,2006,1776700,913992,862708
748,2050,1834151,953025,881126
156,2031,1401594840,713805455,687789385
242,2030,972059,491462,480597
798,2036,12621,6317,6304
634,1991,448595,296447,152148
724,2031,52611575,25959411,26652164
442,2001,443831,218978,224853
702,2027,6934096,3375820,3558276
384,1981,8922474,4583659,4338815
834,2040,96399759,48256085,48143674
136,2010,50209,24524,25685
288,2021,29974915,14770942,15203973
694,2017,6163195,2995414,3167781
516,2039,3609913,1780311,1829602
392,1995,125327055,61429501,63897554
826,2001,59374727,29210062,30164665
76,1996,164369473,81574624,82794849
660,1999,11079,5540,5539
705,1994,2001036,971157,1029879
31,2040,11117462,5501089,5616373
484,2030,140062430,68414219,71648211
246,2031,5642697,2777616,2865081
834,2050,118586412,59338640,59247772
270,2045,3059463,1507184,1552279
204,2010,9056010,4534131,4521879
646,2004,9361254,4646787,4714467
296,2024,116600,56373,60227
24,2003,13815757,6972675,6843082
442,2024,670653,338274,332379
156,1997,1242796398,640018967,602777431
748,1992,959023,469710,489313
234,2032,55002,28263,26739
178,2039,8164308,4081528,4082780
818,2033,132521069,67658380,64862689
400,2001,4897812,2523334,2374478
662,2043,167324,80180,87144
686,2044,24949761,12112979,12836782
780,2010,1228691,622079,606612
368,2010,30526292,15375549,15150743
566,2000,123945463,63273781,60671682
218,2031,18906165,9350314,9555851
646,1980,5139838,2521520,2618318
686,2038,22606022,10967066,11638956
417,2003,5059349,2487824,2571525
32,1998,36517941,18021538,18496403
417,1994,4575291,2251523,2323768
728,2033,19942267,10081752,9860515
634,2016,2258283,1745635,512648
716,2041,22162763,11311440,10851323
76,1990,149409483,74298090,75111393
876,2003,14952,7465,7487
232,2032,7034421,3464999,3569422
392,2012,127368088,61875892,65492196
174,2039,1067308,513186,554122
626,2020,1383723,691486,692237
484,1988,81540513,40298693,41241820
440,2044,1977833,928010,1049823
156,1993,1195448924,615260402,580188522
674,2030,35919,17311,18608
262,2020,921804,419229,502575
48,1985,423224,244884,178340
188,2037,5810655,2891621,2919034
600,2011,6459058,3241370,3217688
792,2021,82476864,41426416,41050448
12,1994,27758508,14016072,13742436
275,2006,2217844,1127910,1089934
204,2033,16279000,8219416,8059584
780,1986,1208327,604947,603380
344,2039,7066656,3184645,3882011
174,2020,846281,409219,437062
882,2041,232916,116747,116169
340,1999,6190879,3104343,3086536
226,1989,361192,174825,186367
882,2035,224708,113073,111635
438,2035,42508,21218,21290
328,2033,829168,415881,413287
478,1997,2315223,1116638,1198585
356,2014,1236344631,641674319,594670312
498,1990,4374000,2085025,2288975
24,2027,27032517,13677547,13354970
876,2043,15831,8053,7778
508,2001,18395785,8848654,9547131
833,2012,85421,42558,42863
616,1994,38548295,18764694,19783601
218,2050,21102550,10384414,10718136
360,2006,232199251,116015403,116183848
368,2029,52224554,26384660,25839894
496,2032,3438409,1658900,1779509
262,1990,499189,244942,254247
620,2014,10813834,5275949,5537885
48,2006,984393,591347,393046
624,2012,1628603,793876,834727
600,1998,5200184,2609984,2590200
660,2046,25984,11805,14179
566,2015,181562056,92588169,88973887
124,2011,34030589,16885704,17144885
112,2003,9904905,4630715,5274190
760,2045,30172758,15113313,15059445
12,2032,48963397,24774458,24188939
608,2047,151421611,75652633,75768978
380,2022,62500493,30113839,32386654
458,2005,25968120,13206343,12761777
226,2001,505919,249036,256883
226,1999,477538,234493,243045
266,2045,2964967,1497803,1467164
752,2016,9880604,4936746,4943858
308,1984,92738,44985,47753
156,2042,1353756475,683049168,670707307
480,1993,1098641,544631,554010
158,2043,22093799,10569089,11524710
212,2045,67841,33967,33874
533,2019,118013,55840,62173
764,2032,69685291,33907546,35777745
512,2012,3090150,1695541,1394609
388,2048,3526628,1755849,1770779
484,2042,148476183,72205521,76270662
752,1999,8909790,4404456,4505334
174,2029,951903,458895,493008
442,2016,582291,292392,289899
438,2034,42364,21143,21221
304,2014,57728,30289,27439
800,2031,60110078,29894447,30215631
442,2006,474942,235362,239580
332,2021,11205648,5532205,5673443
140,2008,4641320,2291540,2349780
258,2036,320241,162547,157694
686,1992,7759247,3787756,3971491
804,2001,48520343,22455709,26064634
430,2006,3107606,1549578,1558028
662,1998,151022,73997,77025
732,2028,786913,390708,396205
232,2003,4342028,2134110,2207918
512,2004,2645614,1482892,1162722
760,2013,20136511,10172904,9963607
400,2045,10856543,5380171,5476372
634,1992,463511,305635,157876
740,2005,503639,252840,250799
96,2044,609599,287018,322581
442,2033,748391,377424,370967
652,2000,7122,3811,3311
324,1967,3440361,1650572,1789789
705,2042,1709059,824185,884874
250,2044,70001105,34209225,35791880
275,2021,2950858,1500533,1450325
520,1992,9826,5023,4803
562,1978,5815607,3003392,2812215
788,2046,12265137,5894074,6371063
660,2033,22301,10299,12002
776,1988,95703,47981,47722
584,1996,50194,25659,24535
584,2019,76811,39019,37792
234,2012,49483,25788,23695
340,2043,12266008,6193531,6072477
174,2002,574470,279876,294594
52,2017,292336,141382,150954
60,1998,61981,29960,32021
226,2024,915459,457946,457513
288,2036,40650856,19983339,20667517
100,1993,8441872,4144045,4297827
654,2027,7887,3926,3961
666,2035,4398,2067,2331
76,2034,227520248,111381652,116138596
434,2014,6244174,3236411,3007763
268,2010,4902939,2341192,2561747
600,2034,8223868,4103929,4119939
740,1991,417519,209376,208143
132,2013,531046,257332,273714
12,2003,31975415,16163576,15811839
184,2017,9290,4789,4501
540,2007,240454,120876,119578
316,2021,170071,85919,84152
356,2013,1220800359,633563967,587236392
372,2009,4579996,2288883,2291113
776,2016,106513,53436,53077
826,2020,65761117,32753329,33007788
414,2019,2955897,1718954,1236943
178,2007,3782813,1891778,1891035
304,2047,50552,25151,25401
414,1993,1488038,845238,642800
96,1985,217836,115711,102125
591,2020,3894082,1957688,1936394
0,2033,2100886,1078939,1021947
304,2030,56267,28760,27507
498,2034,2831189,1397801,1433388
768,1986,3240720,1614429,1626291
660,2028,20724,9651,11073
642,2043,18957648,9178524,9779124
716,2000,11820025,5850939,5969086
76,2040,231094505,112849595,118244910
438,2030,41657,20781,20876
591,1985,2167617,1100382,1067235
682,2043,38178098,20331847,17846251
524,2018,29717587,14519688,15197899
214,1991,7224795,3668382,3556413
340,2025,10143828,5114446,5029382
360,2015,255993674,128063724,127929950
214,2011,9956648,5044915,4911733
462,2020,391904,207662,184242
112,2026,9290324,4320812,4969512
68,2032,13571515,6715398,6856117
276,2012,81305856,39947330,41358526
140,2006,4448948,2193507,2255441
148,2035,16361543,7974520,8387023
604,2038,35832260,17358851,18473409
768,1983,2917500,1453816,1463684
174,2028,940270,453420,486850
328,2049,876600,437011,439589
466,2017,17989813,8758077,9231736
208,2025,5697913,2791509,2906404
50,2047,191761430,92582262,99179168
690,2036,102264,53752,48512
422,2000,3834478,1887968,1946510
795,2016,5291317,2622270,2669047
158,2024,23647302,11589034,12058268
634,2023,2527648,1945319,582329
32,2026,47687700,23620332,24067368
558,1991,3838878,1906613,1932265
398,2030,20378280,9614028,10764252
832,2046,107578,53310,54268
516,2029,3086412,1518203,1568209
136,2029,72032,34918,37114
178,1996,2638692,1298126,1340566
292,2019,29523,14809,14714
20,2048,76280,37643,38637
112,2028,9218359,4286944,4931415
652,2048,6580,3419,3161
262,1964,135281,67704,67577
458,2013,29628392,15034599,14593793
498,2013,3619925,1757432,1862493
262,1977,252171,126136,126035
258,2024,303602,155053,148549
484,1999,98468947,48530380,49938567
748,2035,1707931,874510,833421
8,2030,3102689,1525031,1577658
180,2028,105024845,52419598,52605247
704,2032,106496622,53480668,53015954
266,2046,3016612,1524487,1492125
132,2014,538535,261062,277473
792,2018,81257239,40856528,40400711
454,2009,14673498,7257578,7415920
250,2018,67364357,32980877,34383480
663,2046,34466,16308,18158
16,2049,49296,23748,25548
499,2004,706577,351923,354654
144,2047,25165083,12239239,12925844
516,1983,1131950,565999,565951
116,1976,7229762,3474101,3755661
76,1971,97350239,48471870,48878369
266,2001,1269154,629652,639502
498,1994,4371945,2088474,2283471
591,1982,2039504,1035823,1003681
191,2005,4441957,2135205,2306752
480,1992,1084809,538173,546636
462,2003,318490,173136,145354
328,2040,858041,429329,428712
174,2008,673599,327270,346329
100,2036,6189301,3016075,3173226
688,2035,6486436,3156181,3330255
276,2034,76891208,37355197,39536011
620,2013,10799270,5266037,5533233
840,2012,314102623,154521077,159581546
484,2031,140984629,68839025,72145604
304,2045,51332,25599,25733
660,2022,18757,8834,9923
268,1999,4852143,2301685,2550458
124,2013,34568211,17151406,17416805
578,2040,6154511,3096680,3057831
233,2012,1288868,598466,690402
894,2033,25135120,12551665,12583455
688,1997,7693798,3759424,3934374
764,2012,67245400,33090261,34155139
598,2025,7823210,3969205,3854005
478,2013,3437610,1655335,1782275
404,1997,28513632,14203874,14309758
4,2021,37524713,18999487,18525226
184,2046,5594,2780,2814
534,2001,30453,14816,15637
562,2000,10725320,5364851,5360469
784,2038,7887363,5260234,2627129
533,2003,93716,44633,49083
84,1994,211546,107340,104206
450,2037,37879181,18911882,18967299
450,2049,45223182,22523417,22699765
417,1991,4547919,2234121,2313798
398,1998,15840791,7662151,8178640
434,2004,5461632,2829080,2632552
800,2037,70213203,34922726,35290477
566,1988,91787745,46988348,44799397
600,2029,7904536,3951827,3952709
616,2036,35852454,17269642,18582812
643,2019,141944641,65661506,76283135
724,2041,53457760,26303906,27153854
756,2019,8348737,4120367,4228370
292,2023,29709,14864,14845
340,1980,3402468,1692907,1709561
702,2013,5460302,2677982,2782320
174,2047,1145550,549412,596138
268,2024,4932072,2361302,2570770
398,1993,16902393,8180512,8721881
585,2014,21186,11111,10075
418,1999,5285813,2619508,2666305
316,2044,198304,99089,99215
320,2039,20836885,10241608,10595277
818,2021,106451655,54390564,52061091
140,2039,8640324,4304376,4335948
646,1984,5833736,2867664,2966072
68,1998,7858896,3890849,3968047
0,2008,1794984,923773,871211
604,2029,34231239,16680646,17550593
417,1990,4483248,2200313,2282935
422,1979,2848715,1415808,1432907
768,2023,9279310,4602119,4677191
710,1996,42672525,20873999,21798526
850,2039,80790,35493,45297
834,2024,65166051,32560554,32605497
894,2011,13424596,6708408,6716188
740,2004,495897,248841,247056
304,2022,57486,29794,27692
642,2004,22247630,10851255,11396375
262,1968,164437,82257,82180
662,2011,161557,78858,82699
196,2005,1010740,514599,496141
768,2010,6587239,3266725,3320514
558,1994,4289361,2137510,2151851
620,2024,10816740,5305272,5511468
540,2031,326534,162043,164491
688,2027,6777366,3301182,3476184
356,2021,1340451141,695593677,644857464
795,1996,4142668,2049909,2092759
554,2010,4252277,2115949,2136328
56,2019,11647253,5739104,5908149
232,2040,7921274,3902528,4018746
246,1991,5013786,2434646,2579140
104,1984,36035363,17907808,18127555
140,2014,5277959,2615598,2662361
276,2033,77186013,37529100,39656913
180,1976,25740503,12529464,13211039
308,1996,98654,49073,49581
72,2033,2571119,1356178,1214941
512,2005,2696889,1507189,1189700
242,1987,719671,364774,354897
756,1999,7242498,3549788,3692710
68,2027,12787094,6327665,6459429
798,1998,9975,4870,5105
204,1988,4422114,2156393,2265721
710,1987,35953740,17499623,18454117
208,1999,5320134,2628835,2691299
643,2001,146334163,68266420,78067743
417,2007,5255561,2581533,2674028
600,1973,2692466,1340794,1351672
104,1999,46781677,23258657,23523020
768,2033,11718176,5811621,5906555
300,1994,10429826,5150141,5279685
276,1994,81414164,39572547,41841617
408,2031,26755433,13020618,13734815
360,2027,280280743,140328792,139951951
8,2044,2928959,1429958,1499001
442,2042,812717,408865,403852
620,2000,10335597,5001441,5334156
716,1991,10437423,5161808,5275615
643,1998,148154792,69286604,78868188
831,2027,67871,33633,34238
764,2016,68200824,33485580,34715244
703,2047,4939938,2390414,2549524
376,2049,12259136,6149424,6109712
70,2014,3871643,1886711,1984932
332,1980,5483380,2693113,2790267
694,1974,2973542,1474648,1498894
702,2017,5888926,2881359,3007567
231,1980,36036457,18143030,17893427
232,1992,2933383,1436820,1496563
760,1989,12085350,6165903,5919447
858,2043,3503481,1703420,1800061
654,2006,7522,3813,3709
300,2015,10775643,5263103,5512540
90,2010,559198,285524,273674
308,2013,109590,55432,54158
414,2045,3750859,2098105,1652754
372,1998,3728010,1851100,1876910
108,2010,9120944,4530923,4590021
578,2006,4662366,2314408,2347958
364,2017,83768457,42470336,41298121
784,2010,4975593,3418657,1556936
854,1998,10872709,5294576,5578133
270,2013,1883051,931049,952002
191,2020,4227746,2039258,2188488
276,2023,79633081,38995456,40637625
756,2027,8761358,4323470,4437888
858,1984,3008270,1469065,1539205
178,1975,1455023,701466,753557
580,2008,57569,27638,29931
776,2029,102804,51540,51264
887,2021,30480288,15399252,15081036
663,2037,33973,16121,17852
192,2039,10445852,5142642,5303210
28,2003,79066,37758,41308
540,2013,264022,132181,131841
442,2018,605764,304687,301077
876,2040,15920,8106,7814
275,2035,3625867,1838351,1787516
232,2012,5582115,2748449,2833666
748,2016,1451428,726683,724745
400,2015,8117564,4102630,4014934
854,2006,14343529,7127864,7215665
398,2011,17304513,8310830,8993683
508,2039,45640998,22632637,23008361
520,2016,9591,4525,5066
384,2017,24184810,12225098,11959712
156,2012,1349160868,694541013,654619855
598,2006,5565559,2873237,2692322
203,2027,10675327,5264643,5410684
418,2000,5397406,2674895,2722511
356,1994,903579294,466934433,436644861
222,2024,6274998,3006670,3268328
392,2044,111629570,53651798,57977772
578,2032,5935591,2993889,2941702
854,2046,43424925,21599198,21825727
300,2034,10505418,5085199,5420219
116,2024,17825932,8698249,9127683
328,2025,781231,392982,388249
174,2043,1108914,532572,576342
833,2047,93503,46856,46647
332,2001,8429925,4155099,4274826
484,2023,132459498,64850827,67608671
626,2042,2006499,984786,1021713
659,2047,56836,28141,28695
887,2036,38983834,19607866,19375968
288,2033,38340649,18855327,19485322
807,2011,2077328,1035864,1041464
498,2018,3437720,1677410,1760310
508,2029,35716036,17617461,18098575
454,2017,19196246,9500183,9696063
732,2024,718812,356877,361935
450,2044,42225507,21054091,21171416
300,2027,10636915,5166710,5470205
324,2046,24447306,12246635,12200671
583,2049,75592,35905,39687
548,2046,417923,204816,213107
234,2029,54318,27980,26338
120,2014,23130708,11600102,11530606
48,2012,1248348,756746,491602
8,2014,3020209,1494103,1526106
533,2028,129815,61260,68555
376,2004,6600852,3305629,3295223
780,2045,1054452,527881,526571
268,2048,4743226,2285043,2458183
760,2021,23241144,11701223,11539921
348,2030,9425634,4502581,4923053
768,2029,10703590,5308445,5395145
446,2020,614458,291331,323127
192,2000,11146699,5576268,5570431
158,2020,23603049,11639803,11963246
740,2037,690121,345937,344184
60,2028,73242,35366,37876
24,2010,17042872,8613538,8429334
788,2025,11849537,5843016,6006521
616,1992,38370697,18687948,19682749
533,1986,59804,28785,31019
356,2033,1496747583,773953699,722793884
646,1988,6597216,3248825,3348391
643,2046,131964905,61279082,70685823
36,2026,25264384,12664258,12600126
784,2036,7814416,5226118,2588298
492,2043,31655,15173,16482
212,2046,67273,33664,33609
204,1997,6006230,2968857,3037373
860,2003,25992144,12922933,13069211
585,2031,22571,11353,11218
132,2033,669522,325640,343882
496,2041,3583479,1715902,1867577
562,2019,20501509,10285729,10215780
178,2022,5546611,2780254,2766357
36,2044,28257760,14141655,14116105
356,2023,1368657241,710000569,658656672
795,2040,6363030,3130816,3232214
132,2024,612198,297661,314537
508,2011,22948858,11160169,11788689
233,2025,1182920,558439,624481
520,2039,10938,4929,6009
630,2015,3598357,1719111,1879246
108,2014,10395931,5171134,5224797
740,2050,717936,357648,360288
748,1995,1003635,493041,510594
352,2010,317924,159935,157989
624,2027,2129011,1045488,1083523
752,2047,11845416,5875977,5969439
410,2034,52512618,26251892,26260726
704,2009,88576758,44111899,44464859
404,2050,70755460,35170456,35585004
586,2002,160269228,82288462,77980766
831,2041,67584,33154,34430
51,2010,3071972,1472407,1599565
706,1984,6217738,3033957,3183781
504,2045,41230251,20031326,21198925
716,2016,14546961,7301565,7245396
832,1995,84993,41318,43675
52,2020,294560,142372,152188
20,2004,73247,38139,35108
586,2005,169278640,86940931,82337709
388,2008,2804332,1386527,1417805
702,2049,8562229,4124900,4437329
710,2023,58075041,28700276,29374765
426,1981,1395176,679134,716042
188,1999,3800169,1915202,1884967
654,2039,7715,3771,3944
882,1991,163692,86596,77096
729,2048,58016791,28797162,29219629
288,2022,30619273,15085990,15533283
670,2005,106070,53605,52465
430,2002,2753037,1371286,1381751
4,2009,28483631,14466736,14016895
598,1980,2846404,1560165,1286239
404,2046,68269065,33979355,34289710
666,1993,6384,3189,3195
748,2003,1216439,600889,615550
60,2042,72168,34741,37427
32,2041,52205898,25875903,26329995
356,2017,1281935911,665396083,616539828
120,2028,32780058,16412762,16367296
566,2001,127128734,64891256,62237478
0,2001,1720532,884522,836010
710,1993,40934648,20041445,20893203
795,2028,5941929,2936307,3005622
508,2020,28603070,14023484,14579586
752,2024,10514295,5252110,5262185
376,1998,5791103,2895322,2895781
608,2026,119100025,59722615,59377410
4,2041,55619723,28012845,27606878
678,2015,194006,96818,97188
218,2026,18049920,8940096,9109824
728,2021,15015418,7608422,7406996
554,2036,5041086,2493070,2548016
458,1992,18861911,9581408,9280503
364,1989,55926671,28512167,27414504
60,2021,72009,34814,37195
659,1980,43571,20972,22599
28,2015,92436,43756,48680
300,2014,10775557,5265584,5509973
308,2011,108419,54769,53650
440,2029,2444371,1134191,1310180
670,2016,102350,52031,50319
796,2023,59179,29755,29424
388,2032,3280902,1630966,1649936
887,2007,21242156,10773646,10468510
678,1997,132090,65578,66512
64,1990,614744,323510,291234
818,2007,75814404,38715807,37098597
442,2000,438499,216211,222288
804,2005,47002642,21713283,25289359
580,2022,59530,28711,30819
414,2011,2595628,1527692,1067936
360,1987,172231273,85697974,86533299
840,2042,383948648,190038792,193909856
818,2043,154022425,78555409,75467016
258,1989,195765,101612,94153
780,1999,1254627,632593,622034
470,2031,419177,208711,210466
417,2026,6263802,3064697,3199105
580,2004,78889,34550,44339
478,2019,3922758,1889055,2033703
792,1980,45047973,22833167,22214806
434,1986,3680901,1940366,1740535
116,2018,16449519,7997693,8451826
566,1971,57239131,29460870,27778261
178,2021,5417706,2715741,2701965
232,2005,4708626,2316170,2392456
356,2007,1124134801,582971613,541163188
688,2045,6079898,2955999,3123899
840,2032,363919527,179793774,184125753
796,2012,46335,23407,22928
858,2018,3369299,1629413,1739886
438,2021,39423,19630,19793
608,2030,125684876,62989082,62695794
756,2041,9278630,4559866,4718764
328,2024,774892,389943,384949
682,2009,25328871,13942811,11386060
882,2040,231585,116154,115431
203,2044,10353008,5129656,5223352
562,1986,7039813,3503858,3535955
60,2031,73413,35423,37990
214,2024,11588159,5853761,5734398
520,2006,9565,4725,4840
136,2004,43163,21108,22055
466,1984,7463153,3641754,3821399
376,2003,6475178,3242065,3233113
404,2042,65524386,32640678,32883708
328,2046,871839,435222,436617
784,2037,7852545,5244275,2608270
104,1973,29226657,14563988,14662669
36,1996,18195852,9072643,9123209
504,1997,26968723,13380913,13587810
660,2043,25194,11479,13715
344,1996,6388452,3176120,3212332
70,2025,3787402,1845474,1941928
818,2029,124116119,63387555,60728564
184,2025,7621,3900,3721
116,2039,20640176,10118920,10521256
504,2014,32987206,16213618,16773588
60,2005,65910,31862,34048
740,1993,421004,211155,209849
652,2002,7411,3963,3448
586,2041,271518984,137851287,133667697
72,2015,2182719,1108550,1074169
850,2003,108085,51351,56734
372,2018,5068050,2531606,2536444
840,2008,304093966,149489951,154604015
270,1986,805303,400628,404675
760,2023,23896956,12028606,11868350
534,2018,42677,21071,21606
266,2012,1608321,799889,808432
76,2047,232494981,113220921,119274060
586,2000,152429036,78324451,74104585
834,1986,22105671,10867329,11238342
760,1995,14486815,7380430,7106385
666,2001,6372,3191,3181
740,2024,631521,317718,313803
768,2005,5714516,2832889,2881627
148,1979,4524409,2186695,2337714
752,2025,10587441,5287216,5300225
583,2035,90255,43532,46723
226,1985,325194,156475,168719
654,2046,7471,3624,3847
760,2020,22346237,11249169,11097068
44,2013,319031,156177,162854
768,2032,11459466,5683322,5776144
566,2007,148604497,75831369,72773128
324,1995,7445695,3700090,3745605
504,1996,26563574,13189293,13374281
398,1992,16964630,8206867,8757763
12,2041,52413932,26447436,25966496
706,2029,14680357,7360714,7319643
368,1993,18458363,9319364,9138999
458,1993,19338220,9828942,9509278
214,2038,12948706,6511754,6436952
862,2029,35469258,17688072,17781186
496,2036,3506492,1685787,1820705
662,2023,167796,81423,86373
499,2039,611501,302462,309039
528,2049,17917806,8757316,9160490
710,2028,60579605,29977419,30602186
508,2050,58998457,29349944,29648513
31,2034,10939022,5418223,5520799
51,2035,2795634,1384667,1410967
800,2021,44896475,22314949,22581526
818,2036,138859529,70875161,67984368
4,2034,49289727,24874767,24414960
776,2009,105289,52816,52473
678,2043,286522,142869,143653
192,2016,11179995,5570500,5609495
196,2016,1205575,615798,589777
90,2030,807618,412053,395565
854,2024,24674027,12292391,12381636
266,1970,514579,252441,262138
752,2010,9432309,4699106,4733203
678,1995,127140,63067,64073
533,2021,120820,57131,63689
520,2007,9115,4420,4695
36,1988,16400734,8188062,8212672
31,2015,9780780,4842749,4938031
152,2015,17508260,8607591,8900669
360,1992,187915917,93578108,94337809
400,2008,6250606,3187987,3062619
795,1989,3572311,1760380,1811931
196,2017,1221549,624021,597528
882,2020,203774,103648,100126
756,1998,7217045,3540051,3676994
174,1980,339757,168871,170886
492,2012,30510,14865,15645
132,1990,339756,162043,177713
408,2002,23165025,11218284,11946741
120,1982,9365932,4678648,4687284
32,2047,53560693,26550702,27009991
480,2047,1448578,704164,744414
152,2033,19396848,9513708,9883140
72,2016,2209208,1124750,1084458
833,2034,94339,47363,46976
70,2016,3861912,1882033,1979879
232,2041,8030193,3955951,4074242
246,2014,5454355,2681848,2772507
90,2037,888121,452653,435468
440,1999,3493176,1634485,1858691
174,1989,420594,206814,213780
116,2019,16690861,8120612,8570249
191,1995,4480936,2155273,2325663
52,2039,293979,140705,153274
716,1992,10720252,5298515,5421737
780,2039,1091621,548914,542707
598,1996,4331067,2274766,2056301
780,2030,1151535,582097,569438
498,1998,4266196,2042048,2224148
4,2049,62892446,31596222,31296224
242,1993,759328,385354,373974
586,2014,196174380,100749556,95424824
0,1985,1682293,857484,824809
288,2017,27499924,13560719,13939205
340,2026,10274632,5181178,5093454
104,1980,33336420,16587668,16748752
191,2033,3954580,1912856,2041724
630,2016,3578056,1708531,1869525
124,2029,38376510,18978330,19398180
222,2007,5981752,2892761,3088991
32,2045,53144068,26343245,26800823
408,2028,26531129,12912336,13618793
250,2049,69588123,34022990,35565133
764,2031,69727668,33947407,35780261
562,2047,41874413,20896268,20978145
586,2029,240001772,122661498,117340274
694,1996,3810500,1849354,1961146
646,1982,5483277,2692719,2790558
504,2031,38150389,18637605,19512784
703,1994,5345264,2603916,2741348
585,2002,19821,10770,9051
90,1977,207278,107490,99788
332,2030,12403943,6100898,6303045
384,1995,14845795,7562738,7283057
270,1985,772519,384364,388155
104,1996,44726706,22230717,22495989
84,2038,485460,245700,239760
534,2005,33674,16493,17181
116,1986,8101420,3817717,4283703
178,1979,1628786,788643,840143
196,1993,809760,407273,402487
764,1990,56096722,27803251,28293471
404,2043,66234993,32989088,33245905
296,1990,71294,35432,35862
438,2023,39976,19918,20058
531,2013,146836,70226,76610
450,1992,12356680,6160711,6195969
784,2021,6628057,4520603,2107454
144,2008,20697509,10150893,10546616
674,2017,33537,16234,17303
352,2031,380872,190043,190829
887,2049,45623514,22847652,22775862
578,2050,6364008,3193184,3170824
180,2007,64355014,32004732,32350282
414,2012,2646314,1555502,1090812
562,1996,9414292,4695585,4718707
728,2048,26072970,13153579,12919391
132,2038,695524,337987,357537
308,2048,114549,57494,57055
340,1997,5875031,2943959,2931072
690,2026,99323,51730,47593
376,2043,11585899,5818412,5767487
642,1994,22733020,11156981,11576039
634,2009,1568525,1178690,389835
196,2027,1350197,689475,660722
408,2007,23907668,11573448,12334220
585,2040,22987,11303,11684
76,2043,232035257,113171226,118864031
800,2036,68489647,34065321,34424326
478,2041,5791119,2788516,3002603
578,2019,5421399,2737508,2683891
12,2021,43596498,22087170,21509328
356,2028,1435542802,743695382,691847420
663,1984,12790,6460,6330
804,2030,41698756,19378567,22320189
862,2009,28067042,13946797,14120245
24,1978,6618702,3302276,3316426
784,2040,7948183,5286475,2661708
818,2016,94666993,48369531,46297462
688,2025,6845638,3335131,3510507
434,2020,6942544,3585868,3356676
320,2021,16528032,8144829,8383203
340,2014,8598561,4327215,4271346
204,2012,9598787,4812214,4786573
540,1995,191780,97075,94705
776,2034,99477,49824,49653
694,2033,9153359,4476196,4677163
688,1988,7768886,3817559,3951327
788,2008,10315836,5157856,5157980
308,2000,101609,50792,50817
454,1980,6257965,3092702,3165263
208,2028,5721448,2798042,2923406
398,2015,18157122,8682143,9474979
276,2046,72929721,35069615,37860106
96,2000,325297,168119,157178
426,2016,1953070,964965,988105
292,2021,29632,14845,14787
876,2029,16081,8203,7878
831,2050,66521,32450,34071
740,2013,566846,285441,281405
732,2010,491519,243739,247780
188,1996,3536004,1783527,1752477
706,2035,16882254,8432603,8449651
894,1984,6339559,3183047,3156512
132,2043,717509,348169,369340
831,2008,64096,31593,32503
686,2014,13635927,6594750,7041177
798,1981,7560,3553,4007
854,2023,23977973,11944911,12033062
174,2005,623059,303107,319952
48,1999,639964,365566,274398
320,2043,21665448,10642822,11022626
292,2018,29461,14787,14674
410,2005,47988429,24073236,23915193
56,2014,11236729,5524520,5712209
728,2011,10140118,5150619,4989499
136,2050,91118,43885,47233
807,1998,1995474,998882,996592
376,2019,8550149,4297891,4252258
524,1982,15298113,7760517,7537596
364,2030,93458398,47233098,46225300
398,2022,19402483,9215643,10186840
833,2043,94120,47185,46935
31,2031,10823654,5363886,5459768
792,2043,89567838,44496729,45071109
768,2042,14193998,7039013,7154985
418,2005,5836357,2893631,2942726
246,2045,5529151,2720823,2808328
90,1986,282121,144447,137674
191,2017,4292095,2069859,2222236
580,2018,55625,26792,28833
364,2033,94902742,47911625,46991117
663,2025,33048,15806,17242
643,1992,148444313,69540661,78903652
558,2002,5035653,2486820,2548833
266,1973,560658,274431,286227
688,2040,6287462,3057587,3229875
862,2042,38616605,19257312,19359293
703,2021,5436600,2638208,2798392
196,1990,745055,373205,371850
178,2027,6229350,3121049,3108301
480,2042,1455675,708474,747201
716,2046,23829993,12179037,11650956
516,1996,1702444,852457,849987
232,2026,6487978,3194529,3293449
583,2007,107848,53976,53872
360,2003,223347627,111500339,111847288
196,2018,1237088,632006,605082
796,2047,81988,40556,41432
430,2045,7624728,3787788,3836940
410,1991,43339909,21808435,21531474
508,2026,33114109,16302604,16811505
242,2009,868498,441314,427184
724,1997,39907236,19543924,20363312
624,1980,788898,381198,407700
132,1986,321341,151162,170179
792,1983,48651590,24631373,24020217
585,2047,22987,11156,11831
16,2028,52862,26013,26849
659,2019,53463,26756,26707
388,2033,3298046,1639768,1658278
384,2040,33609146,16893784,16715362
90,2012,584578,298506,286072
242,2019,931295,472527,458768
324,1987,5528408,2726462,2801946
748,2014,1419623,709016,710607
276,2016,80722792,39647751,41075041
70,2036,3595742,1746156,1849586
528,2033,17890675,8796744,9093931
384,1997,15686232,7982706,7703526
780,2015,1222363,619460,602903
120,2015,23739218,11904553,11834665
418,2027,8175710,4054664,4121046
642,2003,22304678,10884290,11420388
646,2009,10746311,5348749,5397562
512,2022,3774963,2033075,1741888
624,2033,2332308,1147452,1184856
500,2028,5631,2811,2820
116,2009,14206230,6853738,7352492
348,1999,10171610,4855456,5316154
478,1992,2042816,987237,1055579
484,2036,145011680,70674727,74336953
324,2030,17225813,8628287,8597526
324,1994,7209485,3579421,3630064
446,2035,643235,299335,343900
348,2019,9799351,4672658,5126693
670,2019,101612,51694,49918
608,2028,122401655,61361239,61040416
584,2002,55163,28177,26986
833,2013,86159,42980,43179
704,2016,95261021,47696839,47564182
598,2027,8040961,4075144,3965817
332,1984,5949797,2920501,3029296
887,2032,36775629,18518808,18256821
678,2035,259995,129763,130232
624,2008,1503182,730919,772263
214,2026,11815184,5965214,5849970
894,2034,25832525,12899510,12933015
44,2014,321834,157587,164247
428,1997,2428216,1117795,1310421
833,2044,93994,47116,46878
324,1989,5809689,2868282,2941407
232,2023,6268112,3085828,3182284
170,2009,43677372,21578481,22098891
52,2033,297131,142779,154352
484,2000,99775434,49128760,50646674
90,2016,635027,324281,310746
854,2035,33270045,16571553,16698492
480,2040,1456339,709260,747079
8,1990,3244925,1668734,1576191
659,1986,42729,20788,21941
417,2038,6733233,3285574,3447659
100,2049,5579150,2724856,2854294
686,2028,18718192,9067882,9650310
212,1998,70041,35181,34860
124,2009,33487208,16615850,16871358
384,2050,37111782,18602995,18508787
524,2038,33351839,16483075,16868764
132,2050,741842,359052,382790
798,2017,11052,5460,5592
729,2046,56866830,28241242,28625588
84,2011,321115,162617,158498
344,2047,6756261,3017417,3738844
226,2006,583355,288642,294713
598,2015,6672429,3410159,3262270
208,2016,5593785,2754674,2839111
234,2037,55824,28577,27247
408,2034,26915069,13092222,13822847
328,2028,800165,402046,398119
634,1987,386764,258750,128014
512,1997,2259725,1298198,961527
70,2005,3893097,1897236,1995861
540,2049,368812,181975,186837
533,2015,112162,53143,59019
266,2040,2716581,1369393,1347188
788,2038,12267502,5959907,6307595
50,1999,126541747,63962563,62579184
233,1998,1400972,646263,754709
100,2011,7350504,3596699,3753805
800,1977,11272138,5597915,5674223
674,2049,35354,16975,18379
170,1994,35887620,17733685,18153935
148,1990,5841411,2798855,3042556
90,2009,546494,279022,267472
600,2002,5626892,2824861,2802031
300,2003,10625945,5222639,5403306
792,2014,78401967,39467194,38934773
124,1996,30026324,14878760,15147564
533,2048,149140,70146,78994
360,2002,220276027,109942538,110333489
682,2024,31472263,16971681,14500582
410,1994,44718897,22494766,22224131
288,1972,9352145,4709874,4642271
144,2003,19708717,9698512,10010205
458,1988,17055114,8637576,8417538
860,1995,23067326,11423535,11643791
818,2049,166881786,85042091,81839695
132,2040,704775,342304,362471
188,2004,4146696,2087160,2059536
418,2017,7126706,3536616,3590090
800,1976,11012722,5476780,5535942
583,2048,76695,36467,40228
860,2000,25041821,12433984,12607837
440,2045,1948044,915076,1032968
16,2044,49561,23951,25610
4,2031,46570361,23521299,23049062
882,2046,239528,119697,119831
48,1986,439410,253875,185535
792,1989,55469243,28028869,27440374
508,1993,13880649,6662140,7218509
398,2031,20481528,9655279,10826249
826,2010,62348447,30924685,31423762
360,2036,293052874,146687528,146365346
356,1998,972112809,503036418,469076391
124,2021,36633631,18157700,18475931
831,2012,65345,32350,32995
466,2014,16455903,8017565,8438338
364,2031,93961542,47471221,46490321
654,1998,7118,3615,3503
492,2050,29810,14398,15412
458,2033,37731235,18988520,18742715
762,1992,5500029,2736889,2763140
212,1988,71338,35460,35878
192,2047,10017942,4915312,5102630
36,1999,18830251,9391094,9439157
356,2036,1530465755,790256542,740209213
124,2041,40190410,19797859,20392551
466,2025,22533811,10955686,11578125
140,2032,7609677,3791014,3818663
426,2014,1942008,958617,983391
340,1995,5550793,2779288,2771505
642,1992,22797027,11203286,11593741
887,2017,28036829,14182995,13853834
516,2019,2581689,1263867,1317822
152,2018,17925262,8811456,9113806
242,2015,909389,461765,447624
31,1991,7601153,3690246,3910907
608,2050,155380252,77572682,77807570
520,2011,9322,4462,4860
566,2024,225250252,114748611,110501641
682,2018,28985905,15716131,13269774
324,1978,4268975,2055777,2213198
826,2017,64769452,32235652,32533800
566,1983,81173873,41714218,39459655
275,2004,2126559,1081371,1045188
796,1997,16542,8384,8158
583,2032,93069,45050,48019
826,2016,64430428,32056265,32374163
320,2041,21256879,10445068,10811811
512,2002,2541078,1433251,1107827
84,2017,360346,182460,177886
28,2002,77935,37247,40688
688,2037,6408383,3117387,3290996
554,2007,4132341,2055344,2076997
28,2043,119293,55525,63768
108,2037,21237774,10593407,10644367
4,2011,29757566,15105169,14652397
40,2026,9008251,4409630,4598621
688,2023,6912705,3368418,3544287
484,1994,91026615,44970346,46056269
250,2020,67848156,33226264,34621892
76,2023,215748760,106098713,109650047
212,2013,73286,36981,36305
234,2021,51943,26927,25016
316,2042,196882,98468,98414
262,2022,959836,435498,524338
500,2004,4963,2516,2447
554,2044,5153424,2541929,2611495
136,1991,27514,13439,14075
498,2028,3061724,1506514,1555210
584,2008,63174,32210,30964
776,1990,96239,48246,47993
430,2014,4092310,2040170,2052140
124,1992,28544892,14149082,14395810
64,2047,941953,480182,461771
304,2003,57541,30658,26883
831,2035,67982,33499,34483
688,2029,6707567,3266426,3441141
740,2042,704784,352506,352278
233,2039,1038548,498827,539721
826,2037,69714522,34715373,34999149
798,1995,9746,4720,5026
516,2026,2930635,1439918,1490717
258,2018,290373,148608,141765
716,2013,13182908,6505833,6677075
250,1990,58255473,28373990,29881483
108,2011,9422208,4681799,4740409
585,2005,20324,10945,9379
776,2011,105916,53134,52782
818,2032,130420565,66591594,63828971
212,2022,74377,37572,36805
308,2027,115154,58398,56756
404,1998,29188217,14535828,14652389
442,2043,819384,412084,407300
762,2035,10667121,5290037,5377084
100,2025,6728056,3275800,3452256
60,2019,71472,34562,36910
136,2025,67661,32859,34802
64,1979,430518,226699,203819
833,2023,91876,46141,45735
524,2015,28678486,13925801,14752685
690,1993,73318,36286,37032
20,1991,56475,29780,26695
0,2012,1836529,945861,890668
616,2049,32981966,15892133,17089833
24,2019,21885078,11070768,10814310
242,2028,965956,488772,477184
598,1990,3682825,1961483,1721342
108,1992,5820913,2862484,2958429
534,1994,32093,15792,16301
446,2046,631201,288370,342831
296,2028,121245,58392,62853
642,2005,22197164,10822867,11374297
320,2001,11284350,5599579,5684771
831,2023,67491,33511,33980
364,2025,90481226,45795284,44685942
540,2033,332342,164803,167539
740,2023,626147,315062,311085
48,1993,552642,316820,235822
768,2037,12786166,6341214,6444952
624,2040,2567727,1264616,1303111
266,2009,1514993,752674,762319
591,1986,2212156,1122948,1089208
92,2028,43652,20591,23061
344,2030,7275927,3328558,3947369
862,1999,23821700,11839553,11982147
566,1997,115242321,58862913,56379408
36,2040,27701843,13864855,13836988
776,2005,103296,51806,51490
262,2042,1298244,589945,708299
834,2013,48261942,24030438,24231504
404,1988,21918734,10910187,11008547
50,2041,188059329,91143565,96915764
586,2023,222523566,114027404,108496162
850,2045,74077,32157,41920
275,1997,1814219,922209,892010
832,2005,88491,43278,45213
270,2032,2625468,1294635,1330833
428,1992,2613118,1211702,1401416
417,1993,4582706,2254243,2328463
270,2005,1547905,766946,780959
120,2012,21950850,11009291,10941559
222,2009,6030596,2913077,3117519
72,2036,2622075,1390819,1231256
184,2037,6174,3113,3061
324,1960,3026091,1445598,1580493
152,1993,13722358,6741065,6981293
174,2044,1118563,537033,581530
231,2016,102374044,50863036,51511008
442,2010,509257,253428,255829
104,1990,40463612,20099153,20364459
780,1982,1127317,563488,563829
442,2013,545474,272985,272489
380,2008,60091306,29029823,31061483
585,2045,23017,11203,11814
68,2014,10631486,5261003,5370483
500,1997,5950,3003,2947
756,2016,8179294,4034099,4145195
887,2020,29884405,15102987,14781418
275,2030,3397176,1724831,1672345
214,2013,10219630,5175912,5043718
392,1993,124738157,61191440,63546717
410,2028,52774313,26438454,26335859
112,2040,8767531,4081724,4685807
270,2043,2996407,1476338,1520069
408,2026,26345148,12819446,13525702
792,1998,64101036,32385963,31715073
28,2027,105999,49793,56206
705,2018,1965706,956817,1008889
642,2021,21221688,10318460,10903228
188,2006,4269766,2147944,2121822
694,1991,4334898,2115076,2219822
426,1995,1847573,902924,944649
484,1997,95658972,47215782,48443190
96,2047,624202,292896,331306
608,2049,154083502,76944992,77138510
92,2014,32680,15686,16994
584,1988,43446,22231,21215
96,2033,549881,263066,286815
52,1982,253475,120401,133074
320,2046,22255038,10927705,11327333
562,1977,5682086,2951946,2730140
372,2022,5277871,2634892,2642979
795,2034,6175440,3045305,3130135
554,2043,5142743,2537381,2605362
807,2004,2040085,1019446,1020639
788,2040,12284444,5952308,6332136
20,2047,76998,38054,38944
178,2045,9258359,4622715,4635644
116,1965,6601609,3306524,3295085
417,2014,5604212,2747686,2856526
28,1998,72781,34874,37907
840,1990,249622814,121713764,127909050
832,2034,107044,52922,54122
760,2038,28401164,14254854,14146310
710,2021,57008264,28169005,28839259
70,2022,3818601,1860980,1957621
792,2008,73049044,36832421,36216623
192,1985,10084188,5086975,4997213
188,2025,5353218,2677294,2675924
430,2022,4947046,2463234,2483812
408,2005,23620923,11433185,12187738
174,2032,986877,475361,511516
642,2033,20081094,9743755,10337339
643,1994,148621859,69612170,79009689
591,2049,4844628,2408920,2435708
144,2049,25172152,12244217,12927935
214,2045,13424005,6732048,6691957
426,2026,1968013,976694,991319
703,2002,5403359,2625227,2778132
116,2023,17608270,8587560,9020710
466,2002,11446961,5613454,5833507
292,2005,28464,14368,14096
458,2029,36239386,18271654,17967732
308,2008,106555,53694,52861
156,2023,1403739699,719337812,684401887
834,1982,19734083,9706333,10027750
196,2049,1396911,708936,687975
178,2003,3208947,1590340,1618607
450,2032,34701149,17337270,17363879
533,2046,147508,69380,78128
440,2033,2315751,1077060,1238691
795,2004,4608471,2285457,2323014
784,2035,7772595,5205457,2567138
184,2036,6262,3162,3100
398,2048,22110737,10313828,11796909
76,1980,121063697,60272547,60791150
492,2028,32169,15502,16667
756,2034,9049287,4457698,4591589
562,2002,11490858,5753751,5737107
212,1995,71421,35694,35727
418,2026,8074107,4004732,4069375
643,2018,142122776,65748243,76374533
90,2035,865812,441436,424376
51,2019,3030288,1473005,1557283
826,2028,68001819,33886526,34115293
275,2031,3444140,1748234,1695906
212,2036,72003,36233,35770
174,2010,706122,342792,363330
586,2036,259198555,131973563,127224992
499,2029,630353,313201,317152
688,2032,6599358,3212463,3386895
20,1997,64053,33589,30464
442,2040,799134,402287,396847
666,2019,5409,2627,2782
534,2048,52820,25986,26834
8,2011,2994667,1482181,1512486
234,2038,55948,28620,27328
262,1950,79248,39697,39551
531,2031,154670,74706,79964
196,2028,1359193,693958,665235
642,2029,20488470,9949103,10539367
660,2040,24368,11142,13226
64,2028,841286,435074,406212
52,1996,268810,129709,139101
356,2001,1023295084,529980071,493315013
604,2007,28049728,13921853,14127875
100,1996,8204086,4026530,4177556
288,2037,41440035,20368857,21071178
196,1985,679224,338061,341163
203,2029,10644847,5251591,5393256
203,2003,10238458,4983543,5254915
56,2000,10263618,5021635,5241983
156,2000,1268301605,653473775,614827830
410,2018,51418097,25758560,25659537
258,2006,256802,131662,125140
858,1989,3071177,1495107,1576070
376,2036,10716321,5387097,5329224
196,2000,919680,466575,453105
562,1983,6544130,3295884,3248246
368,2020,42212862,21326549,20886313
180,1979,28202122,13781410,14420712
516,2041,3712696,1831627,1881069
376,2014,7921139,3978061,3943078
250,2033,69909837,34210448,35699389
414,2003,2139818,1265594,874224
887,2025,32822216,16562155,16260061
776,2019,106270,53313,52957
466,2013,15968882,7782721,8186161
430,2021,4836539,2408522,2428017
584,2009,64522,32887,31635
340,1978,3168347,1575695,1592652
320,2035,19959529,9816002,10143527
591,2045,4772565,2377106,2395459
414,2016,2832776,1655284,1177492
380,2010,60748965,29334265,31414700
136,2020,61944,30148,31796
533,2049,149940,70524,79416
262,1993,534434,258781,275653
663,2045,34425,16292,18133
426,2043,1902668,952532,950136
512,2027,4113896,2202304,1911592
234,1995,43537,22502,21035
360,2044,299088377,149567207,149521170
132,2007,485994,234911,251083
706,2050,22626120,11204615,11421505
858,2021,3396644,1644283,1752361
616,2034,36246411,17467155,18779256
231,2036,171878064,85232606,86645458
732,2035,908840,451145,457695
670,2001,107605,54206,53399
826,2034,69222517,34480058,34742459
887,2004,19411357,9858811,9552546
96,2018,450565,221637,228928
96,1981,192831,102942,89889
328,1994,767501,385113,382388
784,2005,4086602,2801131,1285471
64,1966,264478,136874,127604
520,2008,9162,4428,4734
316,2024,175152,88362,86790
188,2002,4020945,2024865,1996080
418,2029,8374999,4152397,4222602
418,2021,7553148,3747823,3805325
426,2031,1946786,968794,977992
368,1999,22379177,11313775,11065402
508,2047,55081368,27387503,27693865
438,2013,37009,18346,18663
804,2021,43770556,20290313,23480243
242,2004,829822,421718,408104
50,2027,173134202,84698558,88435644
214,2034,12617380,6354348,6263032
694,2049,13298900,6528027,6770873
768,2046,15371642,7622033,7749609
583,2030,94855,46028,48827
850,2035,85346,37849,47497
4,2024,40211878,20345443,19866435
620,2015,10825309,5284349,5540960
800,1970,9715336,4908633,4806703
32,2013,42635450,21061712,21573738
792,2037,88757581,44254907,44502674
682,2050,40250628,21358354,18892274
156,2007,1316489520,678220071,638269449
434,1995,4583908,2383735,2200173
796,2026,62335,31297,31038
288,2010,23571204,11642350,11928854
308,2021,113493,57566,55927
56,2003,10368851,5077425,5291426
748,2001,1169520,576981,592539
268,2041,4819539,2315726,2503813
20,2005,76122,39626,36496
120,2017,24994885,12532320,12462565
666,2039,4152,1937,2215
666,2018,5471,2662,2809
68,2034,13875040,6865253,7009787
191,2047,3614694,1747784,1866910
56,2021,11790963,5812899,5978064
218,2033,19219166,9499502,9719664
422,1973,2578960,1298462,1280498
196,2024,1318640,673603,645037
480,1997,1148350,567481,580869
548,2024,318517,158136,160381
208,1996,5262075,2598008,2664067
430,2046,7739561,3844369,3895192
578,1996,4381277,2166245,2215032
454,2000,11129225,5490596,5638629
716,1994,11086482,5474671,5611811
882,1992,164799,87055,77744
4,2010,29120727,14786133,14334594
531,2027,154066,74239,79827
234,2016,50456,26242,24214
604,1991,22025564,11089923,10935641
428,2043,1388458,657549,730909
31,2036,11006509,5449671,5556838
156,2022,1401110151,718450109,682660042
798,1984,7981,3779,4202
585,2023,21937,11243,10694
780,2041,1079084,541834,537250
533,2038,140419,66107,74312
226,2011,668225,331967,336258
646,2022,15014590,7492089,7522501
480,2015,1339827,658887,680940
446,1999,427773,205517,222256
670,2042,96249,48420,47829
300,2049,10074220,4833426,5240794
800,1975,10760703,5359984,5400719
562,2027,26095572,13080353,13015219
466,2026,23138983,11248540,11890443
585,2019,21600,11177,10423
410,2014,50345320,25193400,25151920
729,2023,41282481,20693379,20589102
533,2007,100018,47542,52476
112,2021,9450568,4395928,5054640
108,2016,11099298,5524412,5574886
212,2047,66683,33351,33332
178,2006,3628152,1810845,1817307
60,2012,69080,33412,35668
498,2020,3364496,1644862,1719634
498,2029,3023118,1488428,1534690
288,2038,42238410,20758958,21479452
226,2007,599763,297023,302740
804,2032,41226530,19170274,22056256
686,2013,13300410,6432375,6868035
64,1974,359331,188533,170798
191,2025,4125465,1991996,2133469
795,2024,5749403,2844477,2904926
418,2009,6256865,3103736,3153129
458,2047,42165713,21089392,21076321
616,2048,33222829,16005711,17217118
566,1996,112481808,57466050,55015758
250,2027,69190718,33888793,35301925
840,2019,331883986,163709736,168174250
659,1989,41916,20515,21401
332,1990,6724700,3298408,3426292
192,2030,10804640,5342795,5461845
218,1998,12050626,5974956,6075670
48,2043,1787976,1044337,743639
36,2049,28892628,14461797,14430831
68,1992,6893451,3412764,3480687
598,2004,5313886,2751174,2562712
748,2045,1797587,930236,867351
860,2024,31588190,15700592,15887598
795,2030,6026579,2976175,3050404
324,2017,12413867,6213293,6200574
694,2010,5245695,2544259,2701436
246,2030,5645093,2779326,2865767
24,2023,24360110,12324864,12035246
858,2045,3503209,1703587,1799622
4,2027,42935003,21707372,21227631
112,1990,10200432,4776291,5424141
583,1995,105982,54117,51865
360,2040,296746820,148477608,148269212
450,2015,23812681,11902091,11910590
686,2019,15377009,7439731,7937278
598,1982,2990998,1629041,1361957
583,2046,78882,37587,41295
376,2022,8926534,4488643,4437891
484,2044,149278473,72543391,76735082
446,2003,444177,212472,231705
364,2045,99180916,49783536,49397380
144,2035,24583905,11960959,12622946
764,2042,68280273,33050132,35230141
642,2028,20587055,9998796,10588259
144,2045,25132444,12222424,12910020
788,2002,9710221,4872526,4837695
104,2040,67927170,33572036,34355134
170,2035,54344063,26839208,27504855
32,2023,46609560,23077603,23531957
440,2041,2068044,967364,1100680
60,2011,68679,33217,35462
4,2044,58343854,29357814,28986040
710,2012,51913821,25707210,26206611
232,2002,4147327,2037336,2109991
152,2041,19689454,9638402,10051052
372,2017,5011102,2503293,2507809
558,1973,2247502,1120413,1127089
368,2006,27836375,14045592,13790783
826,2009,61996848,30727642,31269206
887,2047,44682648,22393822,22288826
372,1997,3681226,1827760,1853466
320,2008,13002206,6416092,6586114
882,1987,161096,84859,76237
332,1995,7464270,3667207,3797063
686,2009,12008068,5808566,6199502
666,1988,6282,3125,3157
300,1995,10457554,5162193,5295361
410,2043,50437382,25080873,25356509
496,2044,3621568,1730353,1891215
585,2050,22894,11080,11814
158,2030,23507847,11426107,12081740
434,2033,7996053,4099074,3896979
148,2038,17133472,8359542,8773930
0,2035,2122620,1089115,1033505
480,2007,1263899,622885,641014
694,2025,7500140,3656927,3843213
36,2007,20749625,10390325,10359300
686,2000,9469281,4592984,4876297
438,1991,29288,14549,14739
204,1991,4855063,2379090,2475973
250,2015,66553766,32567716,33986050
534,2037,50996,25075,25921
233,2041,1018323,490294,528029
430,2027,5512749,2743334,2769415
740,2000,464036,232818,231218
384,2033,30926085,15569457,15356628
12,2034,49740180,25154743,24585437
364,2036,96183220,48498433,47684787
180,2046,138015248,68693422,69321826
270,1984,741062,368764,372298
8,2020,3074579,1518421,1556158
32,1997,36102182,17820925,18281257
434,1994,4517088,2357564,2159524
320,2013,14373472,7089531,7283941
158,2029,23551384,11462313,12089071
156,2047,1322939772,664791373,658148399
788,2018,11321115,5616503,5704612
120,2041,43684179,21822979,21861200
548,2000,191378,97703,93675
156,2013,1355286257,697537259,657748998
364,2049,99934828,50042141,49892687
702,2035,7660108,3715046,3945062
28,2038,115960,54116,61844
516,2003,1991740,992864,998876
214,1984,6241548,3170535,3071013
478,2049,6455616,3107623,3347993
642,2011,21904551,10666540,11238011
608,2001,78179792,39216779,38963013
48,1988,471975,271926,200049
480,1999,1173129,579127,594002
584,2046,101071,50796,50275
660,1986,7246,3562,3684
231,1993,52525039,26345910,26179129
478,1980,1544909,757095,787814
554,2032,4960336,2456923,2503413
414,2018,2916467,1698758,1217709
204,2045,20424482,10310298,10114184
132,2000,430132,207124,223008
233,2011,1297236,601475,695761
729,2039,52541109,26149621,26391488
44,2000,282591,137815,144776
300,2007,10706290,5250258,5456032
124,2007,32935961,16340230,16595731
484,2025,134828700,65970820,68857880
894,1985,6535429,3280188,3255241
76,2010,195834188,96787500,99046688
454,2037,36259221,17957779,18301442
266,2043,2863656,1445435,1418221
246,2016,5498211,2705776,2792435
92,2040,52520,24513,28007
752,2029,10853314,5412515,5440799
586,2037,261758673,133202369,128556304
191,2034,3931788,1901955,2029833
674,2002,28191,13663,14528
226,1993,403044,196265,206779
404,2013,44037656,21965375,22072281
740,2009,538125,270792,267333
226,1988,351649,169951,181698
748,2047,1812623,939670,872953
752,1996,8892234,4393743,4498491
499,2043,601032,296366,304666
320,2050,22995434,11284193,11711241
646,2026,16447315,8207594,8239721
724,2013,47370542,23381479,23989063
624,1979,771376,372958,398418
72,1983,1007017,475431,531586
740,1999,455740,228658,227082
232,1982,2711307,1349702,1361605
752,2022,10361508,5177887,5183621
340,1974,2765159,1374266,1390893
20,2024,85249,43583,41666
659,2016,52329,26175,26154
652,2037,6870,3586,3284
591,1995,2638173,1336568,1301605
840,1994,263125821,128597479,134528342
732,2002,367389,182033,185356
710,2044,66850024,33170239,33679785
158,1992,20687201,10678503,10008698
356,1991,853724391,440668382,413056009
598,2050,10110027,5079200,5030827
678,2041,279889,139601,140288
586,1998,144885289,74506813,70378476
184,2049,5486,2717,2769
642,2000,22447353,10972732,11474621
380,2050,61415852,29399769,32016083
882,2050,245010,122171,122839
300,2045,10217133,4913601,5303532
710,1998,43787349,21418216,22369133
178,1984,1873114,911344,961770
222,2029,6332384,3028748,3303636
768,2022,9052671,4489722,4562949
688,1986,7739838,3803030,3936808
792,2007,72204657,36417099,35787558
454,2003,12107029,5975189,6131840
478,2044,6043689,2909869,3133820
226,2020,836178,417585,418593
316,2004,158024,80603,77421
548,2014,266937,133654,133283
242,2033,980573,495109,485464
44,1985,228198,110912,117286
584,2016,73376,37314,36062
417,2044,6928411,3379112,3549299
583,2015,105216,52074,53142
276,2036,76280050,36996198,39283852
674,2034,36258,17453,18805
418,1995,4846116,2402724,2443392
764,2015,67976405,33394078,34582327
616,2002,38625974,18758824,19867150
8,2042,2962049,1447092,1514957
862,2034,36858431,18382498,18475933
288,1990,15548811,7767178,7781633
798,2021,11440,5667,5773
756,2021,8458426,4175379,4283047
732,2019,635896,315615,320281
316,2011,159600,81053,78547
72,2011,2065398,1038819,1026579
4,2004,25697635,13073207,12624428
776,2046,85598,42615,42983
500,2006,4625,2332,2293
380,2026,62608648,30154231,32454417
174,1985,382820,188996,193824
428,2015,1986705,913603,1073102
56,1997,10199787,4989631,5210156
270,1993,1076885,535625,541260
304,2033,55496,28212,27284
558,1987,3322384,1643559,1678825
682,2044,38480995,20481652,17999343
454,1994,9915102,4887216,5027886
132,2039,700228,340188,360040
376,2031,10071321,5065013,5006308
562,2008,14238664,7142006,7096658
308,2007,105887,53303,52584
854,2045,42447641,21116360,21331281
70,2008,3888949,1894724,1994225
400,2044,10740535,5325517,5415018
180,2043,132779817,66136603,66643214
729,2041,53824830,26770514,27054316
324,2019,13077166,6546303,6530863
586,2048,286864746,145023041,141841705
380,1994,57198073,27695688,29502385
31,2004,8737809,4277981,4459828
328,1986,763375,380668,382707
591,2019,3847647,1934935,1912712
376,1987,4191248,2088585,2102663
796,2042,77790,38645,39145
328,2017,737718,372253,365465
20,1993,62559,32882,29677
428,2008,2197506,1012712,1184794
566,2005,141189271,72052696,69136575
372,2039,5985597,2971089,3014508
446,2010,567957,271462,296495
531,2006,137544,65408,72136
583,2024,99697,48753,50944
320,1999,10903423,5437092,5466331
462,2008,385925,225963,159962
854,1978,6025544,2965184,3060360
578,1998,4432718,2192823,2239895
116,2046,21770091,10677076,11093015
512,2011,3027959,1665407,1362552
68,2010,9947418,4923112,5024306
442,2034,755976,381172,374804
484,1986,78248289,38697494,39550795
554,2025,4775930,2371710,2404220
340,1992,5079876,2540056,2539820
776,2049,80732,40082,40650
686,2003,10240144,4960494,5279650
508,1989,12856244,6225245,6630999
104,2020,59125893,29365493,29760400
663,2043,34333,16256,18077
222,2011,6071774,2929318,3142456
454,2016,18570321,9189862,9380459
4,2029,44756202,22616763,22139439
191,2004,4441435,2134350,2307085
626,2002,912063,474157,437906
598,2005,5439769,2812226,2627543
158,2034,23239237,11237830,12001407
732,1975,72071,35595,36476
184,2008,12271,6349,5922
466,2045,35237532,17092534,18144998
360,2033,289431123,144901911,144529212
508,2033,39451480,19505487,19945993
834,2023,63461123,31701378,31759745
296,2005,92587,45773,46814
438,2029,41449,20675,20774
642,1995,22687407,11126578,11560829
660,2029,21045,9783,11262
498,2004,3994611,1923694,2070917
728,2023,15808301,8006624,7801677
0,2048,2216224,1127832,1088392
876,2008,15237,7662,7575
136,1996,33681,16463,17218
624,2050,2894545,1424872,1469673
104,1981,33981811,16902748,17079063
158,2006,22817266,11570271,11246995
226,2021,855783,427570,428213
124,2036,39541890,19506107,20035783
234,1998,44560,23010,21550
762,1997,5864687,2914989,2949698
104,2015,56320206,27989342,28330864
854,1985,7170932,3459120,3711812
60,2001,63606,30735,32871
660,1987,7533,3717,3816
112,2016,9570376,4451588,5118788
152,2043,19718507,9648209,10070298
858,2044,3503574,1703618,1799956
462,2035,415331,206443,208888
894,2029,22500485,11237464,11263021
850,2041,78517,34345,44172
670,2049,93854,46841,47013
554,1997,3738420,1854939,1883481
380,2014,61680122,29745619,31934503
152,2049,19705274,9630533,10074741
422,1992,3561928,1762539,1799389
24,2039,36116825,18264535,17852290
414,2044,3726543,2086916,1639627
72,1991,1303104,626121,676983
850,2046,73004,31639,41365
140,2003,4214915,2073943,2140972
508,2042,49016148,24335771,24680377
440,1997,3495369,1635951,1859418
90,1998,409841,208988,200853
678,2025,227395,113540,113855
626,2011,1115424,561418,554006
762,2024,9386581,4665814,4720767
422,2002,3955261,1953669,2001592
776,2044,88541,44147,44394
356,2029,1448265990,750039637,698226353
688,1987,7755900,3810600,3945300
60,2014,69839,33780,36059
531,1992,144898,68596,76302
226,2008,616459,305548,310911
32,1994,34846915,17212544,17634371
120,2003,17164362,8605417,8558945
324,1976,4100005,1973396,2126609
834,2012,46912768,23348047,23564721
508,1983,12862126,6273505,6588621
178,2050,10201971,5089071,5112900
894,2021,17935659,8960219,8975440
566,2029,252816190,128711344,124104846
60,2006,66436,32120,34316
231,2024,127832772,63453536,64379236
180,2048,141442613,70360977,71081636
300,2020,10742032,5234464,5507568
188,2049,6055298,2998083,3057215
792,1995,61295574,30970037,30325537
626,2031,1717836,850883,866953
854,2019,21340061,10626981,10713080
188,2031,5609910,2799021,2810889
242,1986,712989,361337,351652
203,2035,10528067,5200816,5327251
418,2028,8276116,4103941,4172175
752,2045,11733795,5822966,5910829
344,1992,5828755,2968006,2860749
414,1988,1966721,1135058,831663
246,2012,5405388,2654643,2750745
591,1981,1998895,1015562,983333
392,2023,124306527,60109423,64197104
188,2003,4083816,2055993,2027823
258,2012,274512,140677,133835
174,2034,1010351,486420,523931
524,2046,33466701,16580409,16886292
392,2042,113057724,54342191,58715533
430,2017,4405340,2195082,2210258
499,2012,657394,327476,329918
620,1991,9919009,4772282,5146727
136,1999,37248,18217,19031
270,1997,1242460,617528,624932
368,2045,70923261,35767065,35156196
212,1986,72379,35967,36412
654,1991,6730,3427,3303
426,2035,1926210,960780,965430
562,2043,38711932,19338450,19373482
792,1981,46248621,23432321,22816300
90,1982,246927,127020,119907
634,2005,972530,683293,289237
233,2026,1172873,554385,618488
400,2014,7930491,4011029,3919462
670,2048,94202,47070,47132
48,2024,1567271,939995,627276
499,2007,684736,341034,343702
554,2048,5187177,2556009,2631168
716,2033,19687657,10005563,9682094
690,1991,71649,35480,36169
438,2048,43538,21842,21696
850,2031,89793,40224,49569
296,2008,96858,47716,49142
352,2015,331918,166343,165575
44,2002,288579,140860,147719
203,2000,10268899,4997346,5271553
56,2042,12631042,6202239,6428803
740,2030,661502,332376,329126
748,2033,1686128,861343,824785
392,2028,121855014,58801762,63053252
788,2027,11958267,5885079,6073188
534,2044,52339,25724,26615
191,2012,4389754,2116098,2273656
796,1994,14199,7213,6986
51,2006,3081101,1465903,1615198
232,2030,6836095,3366838,3469257
591,2014,3608431,1817163,1791268
528,2034,17914644,8803949,9110695
670,2050,93507,46613,46894
887,1999,16728304,8524079,8204225
788,1993,8666190,4369548,4296642
192,2004,11260196,5632024,5628172
710,2027,60102231,29732806,30369425
148,2004,9097655,4354079,4743576
104,1987,38287662,19015795,19271867
204,2027,14231260,7178550,7052710
804,2024,43116653,20003433,23113220
136,2006,45517,22253,23264
96,2028,518634,250241,268393
894,1992,8035054,4021084,4013970
348,1996,10259301,4905276,5354025
174,1996,493950,241554,252396
324,2003,8755538,4369712,4385826
562,1994,8822062,4391277,4430785
372,2045,6194542,3068163,3126379
716,2022,16460670,8293726,8166944
400,2010,6500685,3320001,3180684
800,2007,28710199,14249353,14460846
384,1985,10331684,5296428,5035256
24,1974,6111684,3040789,3070895
332,1974,4866467,2392925,2473542
728,2025,16615122,8411774,8203348
208,2005,5432335,2685495,2746840
492,2042,31846,15258,16588
266,1977,706489,339349,367140
152,2012,17067369,8391275,8676094
804,1989,51501478,23783436,27718042
356,2050,1656553632,849430554,807123078
438,2037,42760,21351,21409
616,1991,38253222,18636934,19616288
24,2016,20172332,10202074,9970258
268,2013,4942157,2362703,2579454
484,2050,150567503,73014002,77553501
68,2015,10800882,5344727,5456155
508,2013,24096669,11741772,12354897
710,2038,64762783,32113716,32649067
388,2047,3512471,1748778,1763693
690,2050,100391,53318,47073
372,2004,4091162,2040741,2050421
36,2009,21262641,10652047,10610594
292,1995,26766,13538,13228
132,2017,560899,272198,288701
854,2012,17275115,8594216,8680899
231,2025,131260566,65149093,66111473
652,2018,7160,3793,3367
308,2030,115523,58541,56982
470,2012,409836,203951,205885
72,2019,2287158,1172495,1114663
854,2027,26849488,13377541,13471947
108,1980,4297836,2087590,2210246
752,2028,10790868,5383401,5407467
478,1983,1647586,803490,844096
24,1976,6157498,3066691,3090807
32,2042,52452259,25998599,26453660
591,2032,4397774,2201659,2196115
144,2002,19478732,9594014,9884718
484,1982,71567658,35456290,36111368
51,2027,2931630,1438864,1492766
528,2014,16877351,8350452,8526899
454,2004,12473490,6158410,6315080
466,2044,34599891,16785423,17814468
442,2022,650045,327677,322368
887,2040,41141559,20668192,20473367
275,2007,2263906,1151394,1112512
562,2007,13740434,6890949,6849485
795,2003,4556130,2259262,2296868
296,2023,115408,55853,59555
434,1990,4098435,2147200,1951235
832,2011,94161,46207,47954
352,1996,268999,134787,134212
478,2035,5279238,2542364,2736874
804,2050,37148031,17467094,19680937
417,2046,6981539,3404834,3576705
484,2013,118818228,58308703,60509525
191,1993,4478370,2156395,2321975
232,2031,6933274,3414941,3518333
566,1980,74828777,38517107,36311670
659,2039,57384,28552,28832
344,2031,7263091,3317355,3945736
840,2021,337108968,166352156,170756812
144,2012,21481334,10512656,10968678
144,1993,17448705,8694743,8753962
776,1994,97178,48708,48470
68,2007,9425936,4665556,4760380
762,2027,9751790,4844916,4906874
368,2008,28335381,14258788,14076593
0,2030,2065518,1062005,1003513
384,2035,31711194,15957809,15753385
70,2024,3798599,1851075,1947524
204,1998,6202318,3069450,3132868
124,1997,30305602,15017336,15288266
484,2009,112426381,55172376,57254005
688,2003,7535230,3675463,3859767
144,1985,15847023,7963534,7883489
44,2043,370496,181773,188723
222,2016,6156670,2961442,3195228
600,2015,6783272,3402228,3381044
724,2024,51167425,25268722,25898703
170,2025,51194904,25299669,25895235
624,2021,1926158,943422,982736
540,2018,282754,141142,141612
446,1991,363858,176047,187811
760,1985,10478546,5358012,5120534
414,2009,2489004,1468315,1020689
740,2044,709231,354384,354847
380,2049,61537279,29464764,32072515
16,2025,53316,26331,26985
258,2013,277293,142079,135214
608,2022,112481643,56433590,56048053
120,1998,15005259,7522740,7482519
332,2003,8738605,4311702,4426903
454,2019,20509317,10151443,10357874
426,1976,1222874,591052,631822
8,2040,2993895,1463884,1530011
72,2008,1952048,975881,976167
50,2050,193092763,93057264,100035499
804,1995,51247738,23792714,27455024
804,2027,42417441,19696266,22721175
662,1982,125576,61207,64369
792,2036,88530715,44167074,44363641
512,2019,3564276,1928384,1635892
36,2046,28519028,14272909,14246119
826,2042,70406370,35044600,35361770
410,2003,47656117,23917225,23738892
234,2039,56063,28659,27404
352,2026,369323,184694,184629
434,2038,8339214,4261252,4077962
705,2001,2011179,978143,1033036
524,1973,12631326,6408689,6222637
832,2026,104612,51634,52978
705,2024,1917093,931805,985288
400,2032,9250167,4617181,4632986
275,2045,4033925,2037687,1996238
663,2000,28384,13852,14532
442,2036,770804,388466,382338
796,2048,82762,40903,41859
598,2037,9047151,4564811,4482340
862,2043,38793826,19345346,19448480
0,2015,1870981,963936,907045
203,2049,10236007,5080339,5155668
292,2043,29006,14415,14591
48,2049,1839253,1070392,768861
340,2016,8893259,4477137,4416122
250,2024,68678912,33641674,35037238
214,1998,8182207,4153564,4028643
690,2004,82970,41679,41291
275,1998,1858788,944919,913869
368,2043,68633185,34624182,34009003
231,2004,72238990,35979366,36259624
858,2004,3258465,1573217,1685248
44,2046,371298,182133,189165
566,2002,130470532,66591417,63879115
548,2028,338153,167417,170736
4,2038,52905667,26669564,26236103
660,2015,16418,7852,8566
882,2023,207651,105371,102280
894,2003,10819896,5408483,5411413
438,2033,42207,21062,21145
398,1991,16902211,8172379,8729832
218,2006,13917057,6927959,6989098
804,2007,46406827,21412042,24994785
659,1987,42477,20702,21775
440,2050,1801002,851572,949430
324,2027,16016643,8021616,7995027
24,1993,10329977,5196417,5133560
276,2026,79006126,38615269,40390857
70,2041,3471022,1681372,1789650
296,1989,69393,34484,34909
178,2034,7308879,3657608,3651271
762,2036,10776741,5343069,5433672
262,2025,1016919,460283,556636
634,1990,433409,287156,146253
430,2033,6215112,3091111,3124001
740,2038,693457,347466,345991
831,2034,68013,33540,34473
566,2009,156342001,79770502,76571499
104,2046,69715337,34392808,35322529
860,2018,30023709,14936679,15087030
887,1995,14831575,7583350,7248225
296,2019,110587,53751,56836
566,2022,214889124,109496752,105392372
340,2047,12664771,6393452,6271319
132,1981,300202,138418,161784
524,2043,33508901,16585021,16923880
92,1996,19740,9898,9842
666,2047,3677,1697,1980
234,2017,50730,26369,24361
250,2003,62311901,30416702,31895199
756,2001,7312215,3580544,3731671
440,2025,2573431,1191327,1382104
132,2031,657927,320050,337877
833,2026,92916,46682,46234
400,1999,4674042,2416923,2257119
288,1974,9889668,4969110,4920558
410,2038,51816648,25848041,25968607
398,2021,19251574,9152172,10099402
562,2038,34716609,17363768,17352841
450,2033,35341420,17655036,17686384
705,2002,2011497,978551,1032946
178,2024,5811536,2912664,2898872
626,2044,2054510,1006684,1047826
706,2043,19914571,9898933,10015638
276,1992,80597764,39059141,41538623
31,2003,8662912,4236506,4426406
887,1994,14394750,7367146,7027604
414,2032,3392241,1931559,1460682
218,2021,17103554,8483973,8619581
364,2023,89025185,45080111,43945074
276,2042,74308417,35853452,38454965
678,1996,129534,64282,65252
140,1987,2840877,1381234,1459643
12,1993,27154754,13709192,13445562
28,2050,122930,57057,65873
208,1994,5205603,2568055,2637548
583,2047,77792,37028,40764
266,1975,647436,312045,335391
31,2042,11158894,5520277,5638617
634,2039,2552408,1908347,644061
862,2008,27650239,13733892,13916347
90,2025,747001,381312,365689
634,2026,2575079,1972680,602399
663,2048,34539,16337,18202
831,2022,67359,33454,33905
534,2031,49169,24219,24950
454,2005,12863421,6354085,6509336
232,2001,3993336,1960922,2032414
591,2041,4679581,2334629,2344952
585,1999,19204,10482,8722
705,1992,1999210,970185,1029025
124,2032,38918740,19225890,19692850
404,2040,64058634,31919343,32139291
246,2010,5354669,2626962,2727707
894,1981,5711497,2871199,2840298
729,2049,58577897,29068428,29509469
398,2041,21501625,10065954,11435671
795,2032,6104101,3012338,3091763
666,1996,6409,3209,3200
31,1989,7393439,3591667,3801772
191,2026,4105344,1982830,2122514
232,2018,5970646,2939302,3031344
807,2026,2119419,1053665,1065754
434,2029,7695849,3954652,3741197
28,2020,98179,46320,51859
462,2009,396334,233623,162711
270,2011,1797860,889323,908537
68,2017,11138234,5511531,5626703
72,2010,2029307,1018534,1010773
670,1996,108768,54552,54216
748,1998,1089403,536409,552994
372,2015,4892305,2443914,2448391
12,2037,50874765,25705688,25169077
250,2007,63852860,31192134,32660726
620,2004,10524145,5106483,5417662
12,2025,45841317,23220812,22620505
84,1982,153296,77534,75762
620,1993,9967832,4796870,5170962
776,2020,106095,53224,52871
116,2049,22203368,10887550,11315818
28,2029,108075,50707,57368
124,2044,40528513,19954148,20574365
531,2044,152446,74386,78060
392,1998,126236616,61784366,64452250
800,1972,10136422,5093126,5043296
288,1976,10325541,5159429,5166112
32,2030,49034637,24295303,24739334
831,2026,67797,33616,34181
212,1984,73993,36761,37232
660,2004,12782,6300,6482
70,2031,3698993,1800151,1898842
694,2002,4286828,2075104,2211724
120,2040,42796998,21383810,21413188
764,2009,66441491,32748074,33693417
218,2015,15868396,7885185,7983211
262,1969,171981,86019,85962
516,2034,3348908,1649798,1699110
724,2001,41046894,20099213,20947681
418,2013,6695166,3322183,3372983
352,1995,267527,134127,133400
508,2022,30037074,14748412,15288662
496,2003,2546571,1262751,1283820
64,2049,948783,482798,465985
276,2041,74647881,36048576,38599305
716,1982,7636524,3782779,3853745
792,2026,85008086,42618383,42389703
756,2044,9368374,4599411,4768963
686,1998,9037144,4388792,4648352
246,2005,5238011,2562926,2675085
462,2016,392960,216745,176215
304,2011,57670,30382,27288
70,2049,3245586,1567792,1677794
798,2035,12560,6282,6278
580,2014,51483,24790,26693
450,2047,44036972,21942805,22094167
659,2002,46685,23169,23516
795,1994,4003901,1978918,2024983
524,2030,32478154,16012974,16465180
348,2045,8742093,4192990,4549103
204,2046,20765557,10481133,10284424
533,2035,137479,64763,72716
148,2024,13680771,6636609,7044162
174,1994,471836,231088,240748
191,2037,3861481,1867774,1993707
446,2017,601969,286172,315797
438,2041,43144,21566,21578
524,1995,21358915,10688623,10670292
372,2025,5417947,2702796,2715151
72,1993,1389350,671240,718110
478,2008,3054933,1471203,1583730
694,2008,5022995,2435405,2587590
643,2004,144000047,66940510,77059537
558,2000,4866172,2408593,2457579
554,2003,3960281,1967870,1992411
214,2049,13642207,6830200,6812007
398,2008,16649642,8019536,8630106
276,2047,72582248,34875172,37707076
170,2022,49962747,24690431,25272316
180,2027,103077967,51449292,51628675
795,2025,5800391,2868924,2931467
528,2026,17623338,8695798,8927540
180,2011,71712867,35718408,35994459
234,2048,56926,28952,27974
729,2018,37957307,19087485,18869822
348,2043,8839745,4237045,4602700
831,2003,62599,30621,31978
203,2011,10573220,5187432,5385788
686,1996,8594914,4179626,4415288
296,2044,135826,64459,71367
292,1998,26752,13531,13221
0,1989,1826508,931352,895156
478,2020,4005475,1928916,2076559
368,2000,23128328,11693491,11434837
90,2013,597248,304983,292265
804,2039,39646739,18496106,21150633
807,2007,2055915,1026307,1029608
566,2021,209851206,106942309,102908897
854,2040,37714081,18774888,18939193
826,2003,59823619,29494309,30329310
840,2014,318907401,156955337,161952064
674,2008,30749,14932,15817
434,2047,8843676,4489181,4354495
630,2043,3156523,1505368,1651155
854,2016,19512533,9713252,9799281
344,1999,6596171,3249285,3346886
531,2003,133200,63150,70050
430,2037,6688442,3325371,3363071
512,2034,4543498,2417197,2126301
674,2009,31120,15106,16014
504,1986,22127436,11051061,11076375
716,2021,16148261,8130531,8017730
36,2032,26420129,13234107,13186022
104,2039,67592427,33416818,34175609
112,1991,10205137,4780662,5424475
800,2029,56886137,28288883,28597254
508,1988,12903657,6266179,6637478
795,2023,5696593,2819077,2877516
462,2010,395650,231093,164557
748,2037,1728299,886962,841337
108,2003,7333389,3631289,3702100
484,1990,84634242,41812552,42821690
438,2040,43062,21518,21544
694,1993,4099669,1995077,2104592
116,1982,7297127,3394908,3902219
832,2050,107581,53373,54208
616,2008,38556061,18687963,19868098
795,2048,6566625,3222443,3344182
694,2041,11088174,5434015,5654159
534,2034,50175,24691,25484
417,1998,4816674,2371339,2445335
458,1986,16111169,8145759,7965410
860,1997,23952217,11875522,12076695
148,1974,4055702,1969968,2085734
834,2033,81916649,40989279,40927370
516,2030,3138740,1544467,1594273
324,1961,3080198,1472521,1607677
364,2012,78868711,40024581,38844130
764,2046,67273565,32511167,34762398
226,2040,1237932,621137,616795
690,2020,95981,49606,46375
504,2024,36188472,17724235,18464237
531,2020,151345,72655,78690
578,1995,4359101,2155298,2203803
192,2050,9829024,4817588,5011436
410,2016,50924172,25499040,25425132
662,2042,167810,80471,87339
258,2028,310589,158339,152250
591,1991,2440754,1238240,1202514
414,2027,3235351,1857026,1378325
24,1981,7408390,3704316,3704074
100,2020,6966899,3395545,3571354
833,1991,69879,33739,36140
598,2011,6187591,3174940,3012651
768,2013,7154237,3547953,3606284
270,2020,2173999,1073546,1100453
690,1994,74133,36679,37454
0,2005,1767302,908955,858347
348,2005,10057624,4792932,5264692
384,2037,32481540,16338259,16143281
308,1987,94064,45976,48088
344,1993,5932791,3007639,2925152
670,2000,107861,54289,53572
60,2046,71116,34231,36885
860,2032,33198616,16464468,16734148
450,2050,45807534,22808995,22998539
862,1991,20290936,10199100,10091836
686,1979,5474478,2729389,2745089
266,1978,726421,349332,377089
104,2038,67247917,33256606,33991311
831,2038,67826,33346,34480
540,2027,314073,156107,157966
120,1981,9115820,4551819,4564001
624,2039,2534339,1248074,1286265
768,1985,3129427,1559202,1570225
585,1995,17302,9270,8032
24,2006,15202271,7677601,7524670
266,2048,3121865,1578846,1543019
288,2028,34687311,17072923,17614388
732,1991,225749,111668,114081
20,2031,84028,42574,41454
328,2032,823797,413329,410468
426,1999,1907672,934189,973483
356,2016,1266883598,657580685,609302913
729,2012,34206710,17283516,16923194
858,1988,3057630,1489346,1568284
180,1977,26482646,12906731,13575915
534,2045,52476,25795,26681
540,2050,370511,182765,187746
558,2008,5475502,2686984,2788518
384,2042,34341290,17253369,17087921
428,2010,2115339,969903,1145436
626,2038,1907242,939241,968001
566,1991,99209508,50748701,48460807
682,1992,17060750,9543505,7517245
304,2027,56871,29226,27645
562,2048,42660621,21282812,21377809
184,1991,18640,9709,8931
616,2043,34375836,16551712,17824124
674,1996,25287,12316,12971
484,1985,76600787,37902618,38698169
643,2000,147053966,68679859,78374107
678,2004,153970,76647,77323
48,2041,1768899,1035004,733895
498,1999,4224863,2024297,2200566
246,2011,5379680,2640661,2739019
434,2039,8403127,4290991,4112136
296,1988,67476,33528,33948
108,2018,11844520,5898390,5946130
586,2007,175495078,90129664,85365414
304,2012,57695,30355,27340
584,2047,101622,51052,50570
450,1982,9195873,4589544,4606329
304,2025,57174,29484,27690
204,2023,12910805,6505436,6405369
800,1987,14811287,7287051,7524236
170,1991,33832213,16734842,17097371
498,2016,3510485,1709534,1800951
499,1994,653213,324966,328247
430,1989,2452970,1251178,1201792
344,2034,7208340,3275879,3932461
796,2001,20215,10226,9989
276,2021,79995506,39215726,40779780
320,2045,22061719,10834374,11227345
562,1990,7825471,3873419,3952052
512,2018,3494116,1893653,1600463
52,1992,264604,127260,137344
634,2025,2562764,1966484,596280
732,2037,944121,468601,475520
480,2028,1428194,698959,729235
458,2006,26432158,13439166,12992992
462,2044,435073,215904,219169
768,2008,6220348,3083953,3136395
418,2020,7447396,3695519,3751877
434,1989,3990977,2093213,1897764
440,2023,2637198,1219477,1417721
250,1997,60365735,29427584,30938151
624,1993,1084455,523951,560504
340,2048,12760874,6441370,6319504
404,2039,63306573,31548200,31758373
454,2049,50493468,24991898,25501570
320,2024,17309287,8526399,8782888
234,2025,53200,27494,25706
756,2030,8893858,4386132,4507726
76,1978,115283675,57387888,57895787
426,2012,1930493,951949,978544
660,2005,13116,6446,6670
258,1994,213680,110584,103096
450,2001,16168611,8052242,8116369
540,2028,317291,157642,159649
40,2033,9106631,4450276,4656355
226,2043,1296507,650485,646022
646,1986,6161714,3031817,3129897
583,2000,107724,54483,53241
417,2037,6697206,3268476,3428730
196,1997,879853,444846,435007
624,2046,2765515,1361940,1403575
663,2047,34504,16323,18181
554,2042,5131154,2532415,2598739
64,2002,625943,330477,295466
624,2016,1759159,859435,899724
780,1981,1107842,553484,554358
548,2045,414039,203014,211025
634,2030,2595871,1974195,621676
586,1992,124961767,64439473,60522294
860,2021,30830761,15332329,15498432
591,2037,4566255,2281686,2284569
660,2023,19089,8973,10116
304,2026,57032,29360,27672
304,2018,57691,30091,27600
56,2045,12694135,6227858,6466277
562,1981,6238998,3171220,3067778
376,2017,8299706,4170692,4129014
328,2036,843461,422619,420842
204,2025,13564964,6839060,6725904
400,1998,4565030,2365193,2199837
462,2022,391006,202964,188042
729,2045,56278572,27956898,28321674
499,1992,621621,309148,312473
480,1995,1123115,555900,567215
826,2033,69043798,34394169,34649629
764,2023,69394762,33938765,35455997
591,2040,4653108,2322351,2330757
652,2050,6527,3391,3136
388,2002,2664984,1315731,1349253
887,2027,33965404,17128795,16836609
434,1997,4685156,2414483,2270673
584,2007,61815,31527,30288
840,1999,279040168,136802873,142237295
670,1991,107962,53913,54049
180,2009,68015710,33853201,34162509
364,2042,98342245,49443886,48898359
458,2021,33066979,16730584,16336395
414,2035,3481938,1973579,1508359
24,1977,6436754,3208663,3228091
540,2002,219443,110557,108886
100,1994,8363157,4102922,4260235
28,2005,81277,38759,42518
340,1987,4373262,2181370,2191892
288,1996,17617186,8759732,8857454
630,2020,3519901,1677242,1842659
508,2010,22417453,10891150,11526303
626,2036,1855268,915188,940080
31,1999,8388447,4085055,4303392
328,1998,772162,389255,382907
728,2018,13529185,6859786,6669399
833,1998,74311,36025,38286
792,2020,82017514,41210055,40807459
226,2041,1257553,630981,626572
524,1990,18649113,9347535,9301578
180,2019,87265519,43540179,43725340
834,2017,53950935,26904754,27046181
499,2018,640990,319201,321789
480,2017,1356388,666604,689784
533,2040,142286,66963,75323
524,1981,14945796,7594023,7351773
270,1987,839453,417582,421871
462,2049,443170,219625,223545
440,1995,3509712,1645078,1864634
32,1982,29329880,14573002,14756878
634,2050,2558854,1886966,671888
380,2038,62419572,29982042,32437530
832,2048,107580,53340,54240
834,1997,30376572,14971505,15405067
562,2020,21151442,10611031,10540411
710,2035,63602177,31522710,32079467
702,2026,6834269,3328804,3505465
28,2012,89018,42228,46790
380,2012,61261254,29560594,31700660
807,2021,2115028,1052524,1062504
404,1991,24132867,12017087,12115780
524,2031,32628900,16092549,16536351
120,2035,38464351,19236368,19227983
670,2040,96887,48842,48045
430,2042,7276494,3615999,3660495
203,1996,10311817,5012502,5299315
442,2029,716770,361678,355092
624,2001,1306455,632738,673717
678,2032,250116,124859,125257
554,2011,4290347,2135155,2155192
196,2003,964652,490646,474006
191,2049,3564091,1724004,1840087
266,1988,899743,443151,456592
120,2006,18628001,9341835,9286166
380,1998,57567021,27817955,29749066
72,2032,2554032,1344548,1209484
250,2012,65630692,32096731,33533961
152,2035,19498615,9559016,9939599
630,2026,3465864,1649393,1816471
152,2029,19127734,9389815,9737919
188,2048,6043072,2993191,3049881
36,2012,22015576,11034883,10980693
64,1987,564715,297800,266915
496,2042,3597018,1721098,1875920
388,2045,3483836,1734410,1749426
116,2006,13498711,6495508,7003203
70,2034,3640047,1769356,1870691
784,2032,7618533,5123659,2494874
192,2025,10938159,5423709,5514450
16,2048,49303,23763,25540
360,1996,200984463,100159441,100825022
388,2001,2640514,1303291,1337223
580,2001,72079,32750,39329
620,2029,10749091,5284959,5464132
440,2038,2159629,1007694,1151935
826,2004,60126953,29671640,30455313
276,2027,78775062,38475948,40299114
203,2016,10660932,5241322,5419610
8,2002,3098028,1549985,1548043
192,1990,10596559,5332981,5263578
90,2041,930860,474048,456812
268,2038,4844892,2325963,2518929
116,1968,7142389,3574121,3568268
108,2023,13894362,6925616,6968746
833,2037,94455,47397,47058
140,2021,6116555,3040798,3075757
800,1983,12974328,6363975,6610353
478,2015,3596702,1731954,1864748
894,2036,27273879,13618398,13655481
663,2028,33291,15884,17407
616,2019,38356121,18562505,19793616
234,2008,48668,25372,23296
470,2040,409683,203593,206090
288,2024,31936794,15729886,16206908
686,2025,17580816,8513146,9067670
92,2013,31912,15342,16570
410,2032,52705975,26371844,26334131
158,2038,22814833,10977791,11837042
84,2039,490697,248336,242361
528,2031,17831696,8776932,9054764
663,2027,33211,15858,17353
24,1999,12357509,6229606,6127903
450,2034,35979398,17971402,18007996
512,2009,2909634,1608423,1301211
231,2022,121129283,60137742,60991541
498,2026,3138640,1542284,1596356
458,2003,24880396,12657915,12222481
540,2000,211189,106503,104686
688,2012,7276604,3547971,3728633
204,2032,15934007,8044358,7889649
208,1995,5232612,2582351,2650261
533,1988,59499,28523,30976
768,2050,16583950,8221094,8362856
776,2001,100796,50539,50257
344,2012,7050155,3288355,3761800
454,1992,10014226,4932548,5081678
174,2045,1127874,541321,586553
192,2027,10891645,5394666,5496979
533,2047,148330,69765,78565
740,2036,686565,344290,342275
0,1993,1964945,1003110,961835
705,2049,1611437,775950,835487
48,2002,714831,410991,303840
862,2010,28480787,14157808,14322979
136,2007,46690,22822,23868
450,1998,14816581,7376884,7439697
332,1996,7628503,3749771,3878732
608,2043,145835811,72926282,72909529
300,2028,10619309,5155762,5463547
8,2016,3038594,1502506,1536088
44,1981,213447,103540,109907
466,1995,9488324,4662495,4825829
562,2034,31523605,15780715,15742890
376,2039,11097543,5576631,5520912
831,2013,65605,32505,33100
882,2016,198926,101529,97397
28,2025,103830,48834,54996
478,1994,2183335,1054252,1129083
624,2018,1825670,892869,932801
376,2008,7101746,3560136,3541610
663,1991,31821,16186,15635
840,2033,366106294,180893589,185212705
584,2049,102632,51516,51116
70,2020,3835586,1869297,1966289
232,2035,7359813,3625907,3733906
504,2047,41568451,20183213,21385238
76,2045,232372630,113246832,119125798
792,2033,87703048,43825943,43877105
792,1990,56544219,28566280,27977939
634,2043,2546439,1893045,653394
834,1979,18140566,8932187,9208379
724,2044,53351464,26224676,27126788
788,2013,10835873,5397042,5438831
600,1997,5081156,2549914,2531242
124,2048,40940462,20152546,20787916
140,2048,10024796,4989684,5035112
270,2030,2554023,1259634,1294389
728,2022,15409868,7806528,7603340
170,2030,52964681,26169535,26795146
136,2036,79100,38225,40875
796,2027,63365,31798,31567
204,2042,19393830,9792879,9600951
36,2029,25866008,12961378,12904630
462,2037,420215,208813,211402
798,2009,10404,5112,5292
478,2001,2565791,1236479,1329312
304,2036,54589,27603,26986
20,1990,52747,27865,24882
756,1991,6925077,3414870,3510207
324,2004,8971979,4479099,4492880
410,2026,52657758,26388955,26268803
262,2038,1240921,562237,678684
854,1991,8642245,4177756,4464489
50,2036,183800315,89375069,94425246
414,1986,1809382,1038291,771091
100,2015,7186893,3509464,3677429
328,2019,744845,375602,369243
854,1987,7591809,3655202,3936607
231,2010,86042927,42793653,43249274
52,1988,259953,124446,135507
862,2004,25958905,12867214,13091691
203,1999,10280436,5001574,5278862
332,2033,12778370,6277117,6501253
450,2002,16638898,8289070,8349828
266,2034,2439147,1226087,1213060
231,2040,187610516,93002012,94608504
818,2019,101776661,52004781,49771880
533,2009,103065,48948,54117
170,1982,27826039,13750295,14075744
356,1999,989250189,512060745,477189444
678,2027,233866,116769,117097
180,2004,58942550,29268846,29673704
894,2049,38067622,19001792,19065830
24,2036,33693825,17042883,16650942
270,2037,2798849,1379599,1419250
300,2021,10729930,5226172,5503758
584,2039,96308,48537,47771
643,1995,148758039,69646255,79111784
768,2031,11204140,5556693,5647447
533,2023,123528,58376,65152
104,1986,37517679,18635850,18881829
585,1992,16025,8606,7419
660,1993,9248,4637,4611
40,1993,7988599,3865890,4122709
591,1992,2489234,1262310,1226924
634,2019,2406676,1859781,546895
580,2020,57664,27788,29876
604,2025,33283408,16260685,17022723
807,2017,2103721,1047684,1056037
214,2003,8896576,4514126,4382450
68,2024,12300116,6086546,6213570
724,1998,40046103,19609172,20436931
682,1993,17636361,9910767,7725594
682,1996,19293360,10910591,8382769
332,2039,13474172,6601581,6872591
804,2044,38548378,18043443,20504935
499,2000,732302,364407,367895
531,2012,145834,69702,76132
702,2015,5674472,2779675,2894797
40,2035,9120566,4454352,4666214
270,1991,991493,493147,498346
148,1998,7479317,3573123,3906194
136,2013,53737,26223,27514
643,2021,141460492,65426970,76033522
608,2011,94678277,47530901,47147376
212,1990,70009,34804,35205
156,2024,1405710181,719853958,685856223
64,1968,286206,148809,137397
800,2049,91659153,45569484,46089669
580,2050,77842,38016,39826
203,2021,10706930,5273009,5433921
703,1997,5383010,2620061,2762949
882,2031,218941,110467,108474
418,2016,7019073,3483193,3535880
499,2003,713614,355400,358214
332,2049,14460083,7051041,7409042
368,2022,44336509,22401240,21935269
368,2046,72056803,36331932,35724871
807,2031,2111219,1048390,1062829
533,1984,62683,30432,32251
418,2037,9104371,4507187,4597184
8,2036,3050411,1494510,1555901
296,2043,135112,64176,70936
52,2011,286705,138703,148002
682,2031,34196494,18349442,15847052
96,1993,273107,143670,129437
862,1996,22519111,11243803,11275308
356,2020,1326093247,688215563,637877684
208,2046,5622631,2729628,2893003
780,2044,1060582,531354,529228
887,2018,28667230,14497245,14169985
246,2015,5476922,2694211,2782711
516,2008,2123842,1043298,1080544
850,2043,76271,33229,43042
152,2038,19614505,9608683,10005822
20,2010,84525,43720,40805
748,2040,1756386,904365,852021
60,2047,70819,34091,36728
112,2002,9954884,4658360,5296524
231,2007,78799447,39214982,39584465
24,2042,38645713,19538040,19107673
152,2048,19718002,9638358,10079644
678,2018,204454,102063,102391
826,2032,68856258,34303701,34552557
440,2024,2605404,1205446,1399958
646,2024,15720431,7844853,7875578
368,2044,69782368,35197976,34584392
112,2044,8608168,4014515,4593653
212,1997,70284,35258,35026
218,2039,20044169,9890069,10154100
729,2026,43454896,21747052,21707844
158,1998,21834438,11204098,10630340
368,2037,61621655,31112699,30508956
116,2032,19403397,9497918,9905479
104,2008,52228150,25968081,26260069
646,2030,17983250,8972574,9010676
566,2030,258613728,131646104,126967624
804,2035,40537545,18871234,21666311
70,2030,3716448,1809215,1907233
320,1986,7819999,3931504,3888495
706,2019,11500692,5793053,5707639
585,2007,20591,11022,9569
686,2045,25336255,12301887,13034368
320,1997,10496123,5257262,5238861
580,2043,74435,36051,38384
818,2000,65504309,33504202,32000107
104,1979,32629456,16241735,16387721
422,2035,5623991,2804973,2819018
332,2032,12655163,6219230,6435933
120,2044,46381664,23156998,23224666
520,2003,9926,5024,4902
398,1997,16052382,7768335,8284047
328,2021,756237,381022,375215
92,2001,23203,11456,11747
833,2035,94399,47385,47014
478,1998,2374103,1144755,1229348
512,2020,3634689,1963313,1671376
566,1970,55590335,28613758,26976577
40,2040,9135160,4454330,4680830
296,1993,74670,37233,37437
862,2036,37353019,18628984,18724035
368,2039,63976423,32293879,31682544
583,2016,104719,51759,52960
834,2027,70479813,35236928,35242885
392,2026,122893582,59351382,63542200
152,1992,13489083,6624542,6864541
862,2047,39403764,19648296,19755468
32,2044,52922159,26232702,26689457
364,2016,82801633,41988105,40813528
430,1987,2301756,1173244,1128512
760,2028,25477195,12814633,12662562
807,2024,2119101,1053937,1065164
204,2007,8278158,4135302,4142856
222,2020,6217074,2984204,3232870
16,2035,51314,25036,26278
8,2024,3100953,1528855,1572098
850,2006,107700,50935,56765
180,2033,114560730,57158440,57402290
800,1998,21461307,10641336,10819971
112,2012,9643566,4487109,5156457
116,2029,18840156,9213077,9627079
626,2016,1261072,632207,628865
600,2020,7191685,3603846,3587839
140,2022,6244169,3105256,3138913
233,2014,1272468,592510,679958
626,1998,954332,489067,465265
178,1988,2097281,1024153,1073128
270,2048,3151143,1551967,1599176
585,2027,22263,11305,10958
231,2015,99465819,49425478,50040341
562,2035,32318048,16174970,16143078
686,2027,18336843,8881835,9455008
410,2049,48162628,23858153,24304475
16,2031,52263,25624,26639
858,1985,3018871,1473269,1545602
340,2050,12948839,6534758,6414081
458,2043,41043215,20561289,20481926
660,2010,14766,7154,7612
566,1985,84897264,43503812,41393452
462,1989,208203,107838,100365
96,1982,198862,106047,92815
620,2019,10843431,5304450,5538981
392,2005,127715356,62206208,65509148
706,2023,12619522,6350517,6269005
496,1989,2069928,1033753,1036175
578,2034,5996388,3022706,2973682
262,1988,417145,204069,213076
340,2015,8746673,4402552,4344121
752,2001,8948312,4427475,4520837
275,2041,3878368,1962213,1916155
324,2023,14491301,7256126,7235175
748,2046,1805179,935004,870175
480,2004,1232059,607619,624440
548,2023,313519,155770,157749
400,2018,7841023,3952258,3888765
634,2046,2548947,1887936,661011
762,2016,8330946,4144061,4186885
218,2019,16703254,8290339,8412915
686,1977,5219201,2612870,2606331
446,2047,628767,286793,341974
660,2003,12448,6153,6295
104,2002,48715746,24223354,24492392
807,2006,2050554,1023957,1026597
788,1994,8811664,4440471,4371193
818,2009,79317792,40504876,38812916
234,1996,43590,22492,21098
466,1992,8902986,4365043,4537943
417,2004,5113537,2514143,2599394
438,1996,31146,15429,15717
704,2039,109298554,54826959,54471595
384,2022,26370125,13309607,13060518
682,2003,22742890,12700346,10042544
833,2010,83859,41657,42202
76,1977,112528142,56016352,56511790
858,2034,3482803,1691519,1791284
426,2041,1904355,952810,951545
562,1987,7215959,3579194,3636765
156,2017,1379302771,709040301,670262470
804,2034,40764344,18968851,21795493
24,2026,26347197,13330800,13016397
70,2037,3572230,1733866,1838364
634,2036,2566857,1929105,637752
296,2009,98193,48314,49879
156,2011,1342946472,691476589,651469883
158,2047,21402573,10198364,11204209
266,2033,2394974,1203306,1191668
674,2050,35178,16893,18285
438,1995,30886,15302,15584
662,1987,134180,65592,68588
428,2040,1449058,684085,764973
840,2018,329256465,162375054,166881411
654,2045,7512,3647,3865
64,2011,708427,371023,337404
788,2011,10629186,5302417,5326769
832,2002,87970,42953,45017
116,2041,20975956,10285989,10689967
24,1996,11337007,5709041,5627966
50,2005,138605601,69548758,69056843
624,2003,1359917,659243,700674
531,2043,152783,74481,78302
634,1986,371995,249649,122346
608,2023,114135699,57256074,56879625
662,2047,164852,78767,86085
798,2016,10959,5410,5549
48,1994,567501,325090,242411
498,2031,2946049,1452141,1493908
604,1992,22491912,11325189,11166723
344,2049,6668249,2976169,3692080
192,2044,10191280,5006473,5184807
450,2035,36614347,18285992,18328355
112,2020,9477918,4408657,5069261
180,2035,118298912,59009141,59289771
418,2006,5930788,2940865,2989923
360,2000,214090575,106804311,107286264
626,2000,767082,401437,365645
232,2009,5243580,2581069,2662511
580,2024,61204,29545,31659
500,2029,5660,2826,2834
410,2050,47731321,23630388,24100933
170,2017,47698524,23567834,24130690
90,2017,647581,330688,316893
4,1979,15555612,7997234,7558378
666,2007,6100,3025,3075
116,1995,11234143,5424032,5810111
854,2026,26109811,13008734,13101077
178,2018,5062021,2537639,2524382
191,1996,4445463,2140920,2304543
728,2039,22453174,11340798,11112376
760,2037,28125830,14120259,14005571
380,1992,56908936,27594338,29314598
438,2004,34574,17053,17521
100,2017,7101510,3464674,3636836
222,2008,6006449,2903189,3103260
344,2037,7129749,3223610,3906139
466,2042,33315176,16166211,17148965
404,2048,69543130,34592746,34950384
148,2042,18191510,8886896,9304614
28,1993,66331,31901,34430
694,2045,12160141,5964401,6195740
188,2026,5399920,2699644,2700276
204,1994,5488151,2702505,2785646
266,1979,722911,350097,372814
729,2020,39160625,19665338,19495287
196,2015,1189197,607354,581843
499,2037,616018,305081,310937
702,2030,7222632,3511308,3711324
558,1998,4688840,2326491,2362349
352,2013,323746,162257,161489
136,2042,84562,40780,43782
204,2048,21445106,10820930,10624176
533,1998,88204,42029,46175
440,1991,3665048,1732400,1932648
428,2031,1639365,766759,872606
96,1996,295573,154487,141086
818,1999,64187293,32838649,31348644
104,2047,69973669,34509836,35463833
44,2004,294064,143627,150437
752,2023,10438876,5215618,5223258
428,2023,1816752,842777,973975
100,2031,6431903,3131262,3300641
504,2010,31627428,15571309,16056119
894,2037,28017586,13989334,14028252
524,2027,31959074,15740307,16218767
458,1990,17882218,9067620,8814598
882,1983,160658,83271,77387
583,1994,105444,53973,51471
659,2044,57170,28358,28812
300,2022,10716515,5217263,5499252
716,1988,9560047,4734548,4825499
562,1988,7399129,3658200,3740929
344,2026,7298281,3358656,3939625
833,2036,94437,47396,47041
882,2011,193161,99071,94090
703,2028,5367024,2601917,2765107
148,1971,3806002,1858068,1947934
12,2038,51258111,25891023,25367088
258,2009,265923,136320,129603
500,2040,5803,2904,2899
316,2017,163875,82951,80924
84,2046,525426,265745,259681
703,2038,5171309,2503036,2668273
862,2019,32068672,15976713,16091959
28,2028,107049,50256,56793
170,2014,46245297,22846927,23398370
144,1997,18367446,9130441,9237005
704,2035,107842962,54136051,53706911
31,2021,10279658,5098137,5181521
784,2020,6495479,4434489,2060990
324,1999,8154403,4057493,4096910
320,2028,18313197,9015693,9297504
702,1997,3769760,1873641,1896119
76,1975,107327250,53436962,53890288
580,2013,51170,24634,26536
534,2036,50742,24956,25786
748,1988,814990,397840,417150
882,2036,226117,113707,112410
484,2045,149611275,72678960,76932315
158,2044,21928769,10479012,11449757
376,2006,6850164,3431985,3418179
480,2030,1436809,702568,734241
752,2027,10725814,5352872,5372942
266,1994,1040811,514699,526112
496,2050,3669264,1746369,1922895
226,2050,1428139,715942,712197
876,2031,16084,8204,7880
666,1990,6322,3150,3172
716,1984,8241214,4083486,4157728
31,2023,10414460,5165107,5249353
196,2037,1408034,717456,690578
748,2024,1571546,794387,777159
140,2036,8192417,4081671,4110746
834,1996,29674398,14619892,15054506
706,1997,6751083,3391295,3359788
140,1997,3707380,1816680,1890700
524,1984,16044345,8113210,7931135
288,1983,12437182,6160957,6276225
324,2007,9569216,4783600,4785616
674,2025,35203,16994,18209
31,2014,9686210,4792828,4893382
660,1995,9845,4947,4898
438,1998,31749,15683,16066
226,1990,371100,179892,191208
480,2003,1221004,602307,618697
598,1999,4689319,2448300,2241019
440,2003,3424737,1597107,1827630
376,2000,6097408,3050488,3046920
834,2014,49639138,24726697,24912441
704,2006,85470535,42454677,43015858
292,2032,29660,14758,14902
92,2042,53945,25145,28800
388,2010,2847232,1408366,1438866
706,2031,15403452,7713446,7690006
446,2045,633414,289862,343552
44,1991,249308,121292,128016
462,2029,398136,198009,200127
652,2013,7298,3878,3420
659,2043,57248,28414,28834
372,2006,4309024,2159844,2149180
308,2049,114384,57377,57007
686,2024,17206489,8330678,8875811
446,2048,626116,285135,340981
470,2013,411277,204726,206551
624,1990,995989,480816,515173
90,2015,622469,317869,304600
392,2035,117746670,56675536,61071134
634,2048,2553122,1886757,666365
16,2030,52478,25761,26717
660,2001,11774,5854,5920
174,2012,737284,357635,379649
188,2018,4987142,2500090,2487052
524,2004,24988596,12268136,12720460
652,1982,3145,1551,1594
620,2002,10433867,5056345,5377522
100,2043,5860698,2860773,2999925
360,2009,240714694,120328952,120385742
591,1997,2743684,1389099,1354585
332,2050,14542914,7087852,7455062
776,2028,103328,51809,51519
36,2022,24395561,12232676,12162885
170,1974,23598134,11691211,11906923
608,1988,58672114,29390642,29281472
624,2044,2700217,1329932,1370285
232,2027,6568757,3234500,3334257
372,1999,3774856,1874589,1900267
748,1979,588277,285372,302905
64,2035,885320,455593,429727
398,2050,22237156,10364004,11873152
558,1971,2120111,1056496,1063615
52,2002,276218,133559,142659
84,2023,398600,201832,196768
8,2028,3108141,1529302,1578839
840,1983,233791994,113646996,120144998
686,2032,20259208,9820147,10439061
762,2002,6452011,3208582,3243429
340,2037,11618668,5866019,5752649
404,1996,27836550,13870200,13966350
44,2012,316182,154738,161444
426,2030,1951846,970758,981088
540,2030,323522,160610,162912
388,1984,2313059,1143583,1169476
70,2029,3732781,1817657,1915124
688,2016,7143921,3482679,3661242
798,1992,9505,4585,4920
178,2002,3117384,1542486,1574898
562,2010,15270018,7661016,7609002
446,2014,587914,280168,307746
682,2035,35614464,19059770,16554694
458,2000,23151284,11782184,11369100
480,2013,1322238,650627,671611
70,2042,3444235,1667616,1776619
764,1994,59082163,29271396,29810767
462,2025,388681,195452,193229
454,1988,8500739,4195976,4304763
585,2046,23005,11180,11825
724,2014,47737941,23565219,24172722
531,2010,143405,68441,74964
674,2031,36025,17357,18668
232,2004,4550848,2237909,2312939
585,1993,16448,8826,7622
703,2017,5445829,2642999,2802830
120,2029,33560693,16800961,16759732
446,2039,641985,296810,345175
578,2029,5834942,2945549,2889393
408,2014,24851627,12051172,12800455
231,2034,164163665,81420368,82743297
800,1999,22190623,11004934,11185689
288,1987,14497722,7257730,7239992
196,2041,1413556,719447,694109
250,2029,69476362,34021436,35454926
690,2043,102256,54007,48249
70,1999,3717232,1810354,1906878
800,2043,80801683,40185114,40616569
784,1992,2056289,1367343,688946
780,2023,1195039,605453,589586
800,2017,39570125,19660700,19909425
90,2046,980077,498477,481600
36,2048,28770380,14399856,14370524
84,2049,539242,272636,266606
540,2010,252352,126593,125759
340,2038,11731024,5923054,5807970
659,1999,45131,22359,22772
188,2014,4755234,2386619,2368615
792,2019,81648103,41038947,40609156
233,2046,966624,468113,498511
654,2049,7341,3553,3788
84,2030,440965,223264,217701
410,1992,43837115,22059889,21777226
116,2036,20121336,9859303,10262033
756,2043,9338802,4586376,4752426
686,1987,6727841,3307320,3420521
191,2040,3789009,1832178,1956831
586,2042,273842950,138948992,134893958
328,2034,834254,418289,415965
458,2045,41619605,20832691,20786914
704,2042,110128311,55207781,54920530
690,2030,100905,52775,48130
300,2041,10339225,4984611,5354614
212,2023,74407,37586,36821
780,1995,1264315,635748,628567
384,2005,18920502,9606769,9313733
90,1995,375074,191237,183837
630,2012,3672561,1757189,1915372
90,2019,672631,343464,329167
534,2028,47960,23646,24314
40,2030,9074603,4438322,4636281
192,2015,11214038,5590245,5623793
608,2046,150057480,74988509,75068971
670,2002,107262,54080,53182
634,1988,401964,268092,133872
32,2031,49356375,24456084,24900291
566,2034,282699764,143829951,138869813
724,2016,48563476,23977426,24586050
646,2046,25375293,12637338,12737955
292,2017,29396,14763,14633
534,2043,52189,25648,26541
398,2046,21960467,10253084,11707383
584,2040,97084,48909,48175
232,2013,5681550,2797549,2884001
690,1982,65282,32637,32645
862,1990,19839480,9983945,9855535
584,2015,72191,36724,35467
32,2037,51147501,25348978,25798523
710,2033,62788659,31107507,31681152
178,2019,5174669,2594050,2580619
508,2007,20968820,10157129,10811691
760,2043,29699063,14885313,14813750
152,2008,16441033,8082971,8358062
428,2014,2007730,922219,1085511
450,2030,33417246,16699336,16717910
208,2042,5669577,2755297,2914280
798,2050,13423,6777,6646
562,2028,26849580,13456129,13393451
214,1985,6378551,3239942,3138609
762,1995,5678225,2821917,2856308
724,1995,39764708,19483676,20281032
598,2030,8358676,4229787,4128889
624,2038,2500811,1231447,1269364
348,2007,10034228,4779914,5254314
480,2014,1331155,654822,676333
586,2004,166223613,85357867,80865746
288,2045,48057685,23606254,24451431
796,1992,12798,6509,6289
204,1996,5820226,2873384,2946842
682,2036,35952626,19228313,16724313
156,1996,1232555700,634641691,597914009
780,1991,1260387,632017,628370
440,2019,2762485,1274762,1487723
540,2009,248406,124701,123705
384,1982,9259826,4754595,4505231
434,2013,6002347,3112934,2889413
752,2038,11349462,5641483,5707979
104,1991,41180558,20456126,20724432
124,2023,37108952,18384844,18724108
116,1990,9367516,4448063,4919453
854,2009,15746232,7829473,7916759
450,2006,18653420,9310047,9343373
484,2028,138093681,67501274,70592407
56,2006,10535515,5160638,5374877
454,2039,38447972,19040693,19407279
300,1993,10382995,5125658,5257337
208,2040,5690756,2767351,2923405
604,2002,26479981,13224102,13255879
762,2021,9005072,4477812,4527260
756,2015,8121830,4004508,4117322
372,2037,5909928,2935720,2974208
434,2026,7456802,3838445,3618357
96,2050,638157,298566,339591
203,1992,10315702,5007911,5307791
748,1996,1032455,507606,524849
418,1997,5054901,2505294,2549607
20,2017,85702,44108,41594
659,2012,50726,25339,25387
604,2050,36943693,17769969,19173724
854,2030,29153064,14525026,14628038
454,2048,49218417,24362663,24855754
72,2029,2501569,1309088,1192481
598,2014,6552730,3352087,3200643
646,2050,27506207,13690632,13815575
850,2023,97708,44652,53056
660,2044,25461,11589,13872
584,1993,48406,24748,23658
51,1990,3529364,1730588,1798776
528,2036,17951463,8813111,9138352
643,2040,134495610,62259313,72236297
540,2012,260166,130335,129831
24,1973,6115582,3041695,3073887
832,2021,101769,50152,51617
728,2027,17434428,8823133,8611295
768,2027,10216053,5066653,5149400
662,1999,152114,74504,77610
24,2050,45888061,23174323,22713738
196,1983,656496,325993,330503
591,2016,3705246,1864928,1840318
832,2006,89245,43672,45573
666,2021,5284,2556,2728
124,2014,34834841,17282694,17552147
56,2004,10413348,5099469,5313879
242,2043,1004201,504448,499753
860,1998,24342332,12075524,12266808
292,2001,28018,14170,13848
500,2034,5773,2885,2888
446,2041,640027,294897,345130
500,2046,5761,2887,2874
270,2016,2009648,993058,1016590
356,2042,1590718884,818927458,771791426
214,2022,11352260,5737535,5614725
854,2001,12039362,5903060,6136302
512,2016,3355262,1825161,1530101
854,1993,9237704,4475611,4762093
404,1987,21197835,10551186,10646649
408,2006,23764383,11502843,12261540
178,2032,6985473,3497089,3488384
732,2045,1085605,538454,547151
694,2032,8931370,4366227,4565143
422,1971,2447943,1232440,1215503
250,2040,70153167,34288957,35864210
348,1991,10397808,4990956,5406852
242,2026,959445,485838,473607
678,1982,98238,48819,49419
304,2007,57527,30460,27067
840,2034,368245560,181972111,186273449
800,2012,33640833,16708104,16932729
760,2001,16929187,8609572,8319615
180,2016,81331050,40560222,40770828
833,2029,93660,47052,46608
516,2044,3864501,1907325,1957176
270,2004,1508001,747428,760573
233,2034,1089395,520038,569357
76,1994,159448367,79182579,80265788
666,2015,5657,2767,2890
208,2009,5500510,2716824,2783686
528,1996,15545307,7686638,7858669
882,2037,227508,114331,113177
60,2037,73079,35209,37870
834,2016,52482726,26163391,26319335
191,2050,3538821,1712249,1826572
40,2002,8178095,3979473,4198622
108,2029,16729523,8343441,8386082
32,1983,29793552,14791713,15001839
400,2027,8589557,4300441,4289116
84,1991,195745,99280,96465
566,1963,45336634,23338684,21997950
710,2026,59611209,29481114,30130095
266,1983,779018,381596,397422
112,2022,9421520,4382384,5039136
894,1991,7817776,3913565,3904211
222,2012,6090646,2936622,3154024
152,2046,19730873,9648196,10082677
796,2043,78668,39049,39619
316,2015,161785,81978,79807
400,2026,8455103,4235828,4219275
840,1988,244498982,119085538,125413444
258,2049,324890,163445,161445
462,2034,412760,205190,207570
528,2027,17671532,8715585,8955947
204,2037,17663200,8920321,8742879
548,2009,239779,120707,119072
140,2012,5057208,2503283,2553925
716,1995,11159492,5509994,5649498
132,2002,446704,215371,231333
798,2023,11633,5770,5863
231,2013,93877025,46663683,47213342
266,2018,1806505,901003,905502
52,2021,295177,142632,152545
705,2025,1907560,926852,980708
104,2012,54584650,27133772,27450878
132,1985,316887,148510,168377
598,2017,6909701,3525315,3384386
499,2024,636567,316662,319905
170,2023,50385777,24899817,25485960
292,2016,29328,14737,14591
0,1983,1614072,822582,791490
446,1995,401295,193227,208068
16,2018,53961,26870,27091
798,1987,8549,4079,4470
16,2002,57395,29134,28261
850,2032,88702,39634,49068
756,2005,7448224,3648360,3799864
32,2011,41791721,20632282,21159439
702,2020,6209660,3033408,3176252
831,2049,66657,32534,34123
585,2022,21854,11226,10628
304,2044,51717,25824,25893
340,2003,6862050,3445128,3416922
214,2037,12870345,6474771,6395574
748,2004,1237945,611935,626010
218,2047,20871825,10277337,10594488
480,2026,1418027,694570,723457
832,2025,104140,51387,52753
768,2026,9977125,4948165,5028960
304,2028,56690,29081,27609
304,2021,57558,29880,27678
332,1979,5374772,2640402,2734370
304,2017,57713,30148,27565
196,2019,1252147,639730,612417
288,2025,32610058,16058779,16551279
854,2008,15264735,7588634,7676101
404,2030,56552256,28198863,28353393
882,2025,210369,106591,103778
716,1996,11316947,5587906,5729041
706,2011,9925640,4977478,4948162
438,1999,32315,15930,16385
834,1980,18653450,9180806,9472644
882,1998,173305,90508,82797
462,2011,394999,228585,166414
348,1990,10371878,4980782,5391096
96,2002,339989,174548,165441
12,2029,47722597,24161414,23561183
400,2025,8320007,4170866,4149141
188,2027,5445053,2721167,2723886
233,1995,1446509,670589,775920
372,2026,5462183,2724057,2738126
834,1978,17647395,8693885,8953510
136,2047,88741,42751,45990
40,2043,9133273,4449220,4684053
798,2005,10167,4983,5184
108,2044,25896224,12915002,12981222
710,2002,46104939,22659096,23445843
144,2034,24498655,11920939,12577716
152,2030,19203740,9425239,9778501
780,1993,1265120,635157,629963
20,1999,65073,34030,31043
76,2011,197595498,97622635,99972863
480,2022,1393452,683614,709838
442,2021,639338,322144,317194
430,2038,6806805,3383917,3422888
208,2030,5730488,2799307,2931181
360,2012,248645008,124344477,124300531
764,2005,65112909,32155825,32957084
72,2037,2639134,1402357,1236777
116,1967,6959721,3483762,3475959
499,2020,639302,318266,321036
854,2039,36801007,18322631,18478376
566,2041,327980175,166683863,161296312
332,2007,9363931,4621622,4742309
600,2000,5418241,2719862,2698379
624,2037,2467200,1214735,1252465
583,2044,81038,38697,42341
320,1982,6982721,3514128,3468593
804,2020,43922939,20356146,23566793
316,2018,165177,83568,81609
478,1984,1684770,820463,864307
686,2001,9716196,4710637,5005559
116,1970,7394265,3695656,3698609
178,2026,6087248,3050230,3037018
233,2045,977149,472674,504475
120,1993,13071446,6549884,6521562
218,2025,17867616,8852437,9015179
50,2028,174503900,85310841,89193059
104,2003,49344682,24536502,24808180
566,2027,241500036,122981167,118518869
858,2049,3497624,1701416,1796208
316,2025,176770,89137,87633
408,2033,26868344,13072033,13796311
604,2042,36327360,17554490,18772870
887,2026,33394269,16845767,16548502
516,2036,3453754,1702260,1751494
674,2041,36265,17423,18842
807,2047,2017074,997525,1019549
270,1992,1033734,514170,519564
70,2007,3891845,1896268,1995577
858,2022,3405614,1649165,1756449
50,1990,106098971,54277847,51821124
288,1979,10970867,5429495,5541372
178,1983,1821668,885493,936175
706,1980,5793555,2838011,2955544
316,2036,191496,96053,95443
430,2003,2769683,1378980,1390703
242,2021,940376,476909,463467
670,2004,106479,53772,52707
20,2002,65986,34391,31595
762,1989,5148306,2558371,2589935
44,1986,231427,112476,118951
795,2021,5585975,2765651,2820324
604,2043,36431994,17594326,18837668
44,1994,261513,127348,134165
558,2011,5666301,2773649,2892652
258,1997,223394,115391,108003
184,2013,10447,5400,5047
659,2040,57377,28531,28846
768,1995,4202905,2075751,2127154
608,2029,124046388,62176928,61869460
428,2021,1859926,860947,998979
752,2007,9201391,4572547,4628844
31,2022,10349219,5132760,5216459
50,2017,157826578,77759270,80067308
398,2033,20684155,9736077,10948078
422,2008,4424106,2205603,2218503
562,1982,6389183,3232232,3156951
214,1992,7362934,3738261,3624673
233,2017,1251581,584985,666596
400,2004,5244621,2688688,2555933
50,2048,192243062,92758141,99484921
108,2034,19444531,9698922,9745609
860,2044,34680180,17121693,17558487
324,2045,23965779,12005735,11960044
422,2024,5366467,2679130,2687337
31,2044,11189464,5534486,5654978
504,2029,37617507,18391335,19226172
48,1996,596466,341249,255217
728,2012,10625176,5395449,5229727
604,1998,25078825,12578198,12500627
144,2006,20311049,9973722,10337327
585,2006,20466,10988,9478
760,2049,31030248,15522194,15508054
148,2027,14388416,6989876,7398540
24,2032,30624087,15493220,15130867
288,2046,48917448,24027662,24889786
795,2015,5231422,2592981,2638441
250,2038,70153981,34297934,35856047
246,2049,5486479,2702238,2784241
324,1981,4540361,2187979,2352382
566,2031,264502629,134626367,129876262
499,2049,581373,285094,296279
344,2024,7292871,3365141,3927730
324,2022,14127042,7073300,7053742
276,2005,82439417,40359687,42079730
60,2002,64182,31015,33167
192,2028,10864706,5378355,5486351
191,2029,4042398,1953888,2088510
508,2036,42454054,21022880,21431174
422,1975,2692031,1352550,1339481
690,2037,102371,53847,48524
392,2003,127552251,62197623,65354628
148,2003,8745740,4187930,4557810
178,2009,4063165,2035107,2028058
498,2023,3252782,1594601,1658181
450,2023,28887273,14441411,14445862
430,2016,4299944,2142919,2157025
646,2001,8610984,4264882,4346102
724,2040,53450198,26308824,27141374
268,2025,4929789,2360583,2569206
626,2022,1446066,721483,724583
780,2003,1242426,627644,614782
152,1987,12344445,6053479,6290966
292,2027,29765,14852,14913
548,2020,298333,148574,149759
32,2043,52691332,26117700,26573632
60,2004,65337,31580,33757
270,2025,2369298,1169167,1200131
364,1992,62310075,31768149,30541926
152,1984,11761672,5765282,5996390
31,2039,11092920,5489725,5603195
414,2024,3135749,1808745,1327004
694,2019,6466064,3144983,3321081
148,2016,11852462,5722640,6129822
136,2033,76165,36854,39311
24,1992,10016659,5036961,4979698
108,2036,20626379,10288497,10337882
578,2036,6052794,3049223,3003571
674,2033,36195,17428,18767
108,2012,9735984,4839401,4896583
144,2023,23310321,11368433,11941888
702,1992,3256010,1631865,1624145
616,2016,38523261,18652702,19870559
180,1985,33347628,16376148,16971480
136,2028,70960,34414,36546
400,2021,7773173,3907512,3865661
4,2001,22507460,11452799,11054661
276,2002,82458415,40320413,42138002
388,2006,2759614,1363802,1395812
124,1998,30551660,15139789,15411871
882,2029,216051,109159,106892
156,2005,1302284553,671024432,631260121
222,2003,5919845,2870129,3049716
268,2036,4860537,2332356,2528181
740,2027,646990,325319,321671
226,2031,1057209,529937,527272
180,1990,39151065,19291813,19859252
508,2046,53821296,26754795,27066501
426,2000,1916324,938807,977517
56,2015,11323973,5570540,5753433
458,2050,42928546,21447493,21481053
634,1996,524833,342912,181921
144,2009,20879197,10229144,10650053
516,2017,2484780,1214625,1270155
646,1978,4818993,2361766,2457227
64,1970,309265,161402,147863
52,2046,287117,136796,150321
578,2024,5640762,2849742,2791020
288,2027,33985462,16730374,17255088
500,2012,5164,2583,2581
40,2046,9125707,4441563,4684144
798,2048,13314,6716,6598
583,2037,88295,42489,45806
108,2017,11466756,5708855,5757901
566,1989,94209548,48215782,45993766
512,2003,2593790,1458305,1135485
398,1989,16625996,8026464,8599532
580,2048,77074,37520,39554
233,1993,1491426,693959,797467
654,2009,7637,3868,3769
586,2035,256593054,130719504,125873550
694,1977,3147566,1555271,1592295
634,2015,2194817,1695234,499583
70,2003,3842733,1872135,1970598
760,2033,26984557,13559905,13424652
776,1986,94892,47577,47315
762,2050,12132365,5995918,6136447
92,1991,16268,8340,7928
417,1999,4883113,2403930,2479183
654,2044,7550,3669,3881
788,2003,9811647,4920634,4891013
51,2007,3078606,1467399,1611207
68,2030,13262288,6562643,6699645
833,1997,73580,35621,37959
554,2015,4438393,2208926,2229467
688,1992,7712022,3777159,3934863
450,1997,14376599,7158196,7218403
292,1988,30027,15132,14895
51,1991,3589331,1760989,1828342
860,2026,32050280,15923136,16127144
442,2025,680527,343324,337203
768,1996,4402067,2180969,2221098
512,1996,2199657,1268966,930691
414,2041,3649892,2051552,1598340
352,2012,320533,160727,159806
710,2013,52425155,25944849,26480306
398,2018,18744548,8936076,9808472
682,2022,30650502,16555342,14095160
531,2032,154706,74771,79935
422,1983,3064601,1518351,1546250
706,2006,9008585,4499883,4508702
16,2046,49384,23830,25554
124,2046,40739125,20054301,20684824
624,2019,1859095,909684,949411
807,2013,2087171,1040294,1046877
686,2042,24171595,11732538,12439057
170,2016,47220856,23330821,23890035
116,2044,21461611,10525916,10935695
275,2009,2357184,1198943,1158241
246,1992,5041039,2449578,2591461
332,2014,10047305,4950101,5097204
203,1993,10326434,5014558,5311876
652,2025,7056,3719,3337
705,2022,1935080,941111,993969
40,2008,8406796,4096888,4309908
208,1991,5154352,2540449,2613903
12,2014,38813722,19653621,19160101
807,2028,2117650,1052327,1065323
446,2019,610510,289726,320784
686,2039,22998401,11158914,11839487
807,2032,2108102,1046583,1061519
214,2028,12032578,6071502,5961076
376,2046,11931310,5988609,5942701
180,1992,41846148,20644361,21201787
660,2035,22912,10549,12363
266,2044,2913984,1471452,1442532
492,2013,30500,14852,15648
703,1995,5361594,2611086,2750508
368,2035,59261921,29927447,29334474
380,2033,62580946,30099731,32481215
540,2035,337863,167422,170441
659,2030,56566,28270,28296
516,2025,2879366,1414117,1465249
48,1998,625214,357313,267901
626,2019,1352718,676535,676183
262,1979,298958,150302,148656
170,2031,53271239,26319170,26952069
585,1996,17788,9555,8233
762,2037,10885361,5395583,5489778
496,1996,2340705,1166244,1174461
288,1985,13572481,6775729,6796752
324,1996,7701569,3830618,3870951
4,2045,59255165,29807043,29448122
104,2029,63655287,31558962,32096325
64,2024,812837,421546,391291
296,2033,126570,60667,65903
583,2005,108082,54253,53829
894,2004,11088247,5541919,5546328
48,1987,455777,262917,192860
140,2037,8340757,4155493,4185264
663,1983,10547,5310,5237
634,2017,2314307,1789442,524865
534,2024,46050,22726,23324
275,2014,2598246,1321694,1276552
422,2034,5607832,2797448,2810384
8,2000,3158352,1588747,1569605
316,2038,193492,96958,96534
498,2000,4180215,2004962,2175253
860,2033,33357690,16537615,16820075
520,2015,9540,4513,5027
275,2038,3755180,1901994,1853186
440,2009,3158759,1460108,1698651
703,2029,5351492,2593907,2757585
50,2038,185642193,90150674,95491519
191,2009,4428935,2132788,2296147
258,2029,312107,159035,153072
540,2041,352736,174447,178289
208,2023,5677241,2784735,2892506
418,2042,9504050,4699328,4804722
50,2029,175830521,85901390,89929131
180,1981,29806317,14593792,15212525
643,2035,136312314,63015350,73296964
776,2031,101615,50928,50687
132,2047,732389,354889,377500
834,2026,68676464,34328891,34347573
170,1984,29095455,14382679,14712776
76,2029,222847611,109319871,113527740
798,1990,9171,4405,4766
508,1991,13207757,6359875,6847882
662,1995,146496,71850,74646
566,1999,120914811,61735868,59178943
702,2019,6102937,2982818,3120119
222,2044,6276294,2993240,3283054
266,2024,2024699,1012841,1011858
492,1993,30531,14621,15910
418,2039,9269052,4586562,4682490
372,2007,4419984,2218061,2201923
724,2049,52696298,25855977,26840321
500,2032,5734,2864,2870
24,2040,36947850,18683200,18264650
446,2018,606340,288003,318337
764,2029,69754747,33999256,35755491
262,1973,206173,103058,103115
508,2041,47870125,23757726,24112399
24,2028,27729055,14029880,13699175
188,2034,5717054,2848808,2868246
702,2009,5035897,2475677,2560220
484,2010,114061440,55977352,58084088
554,2034,5002885,2476071,2526814
466,2034,28163479,13679056,14484423
516,2002,1964738,982815,981923
694,2000,3809058,1844007,1965051
458,1985,15649109,7904895,7744214
666,1997,6418,3215,3203
598,2045,9732816,4897255,4835561
408,1995,22107253,10764244,11343009
670,2026,100224,50983,49241
184,2040,5938,2979,2959
300,2008,10722816,5255575,5467241
144,1981,15315491,7827574,7487917
458,2020,32652083,16527297,16124786
340,1975,2857705,1420442,1437263
51,2029,2900011,1426739,1473272
578,2035,6025112,3036232,2988880
756,2046,9426617,4625119,4801498
100,2012,7308613,3574746,3733867
663,1982,8670,4347,4323
332,1993,7139429,3503758,3635671
152,2001,15347732,7544008,7803724
496,1991,2169556,1083194,1086362
764,1995,59817770,29633025,30184745
422,2009,4475008,2232240,2242768
854,2031,29948816,14921024,15027792
520,2043,11305,5067,6238
104,1989,39734461,19735687,19998774
860,1989,20033271,9897535,10135736
732,1997,291835,144511,147324
703,1993,5323577,2594244,2729333
242,2042,1002314,503777,498537
266,1998,1157171,572789,584382
752,2034,11136477,5543020,5593457
732,2020,652271,323769,328502
663,2016,31949,15364,16585
500,2050,5707,2861,2846
90,2000,433730,221239,212491
694,1976,3088374,1527833,1560541
703,2039,5148112,2491589,2656523
144,1995,17941066,8926511,9014555
466,2050,38395414,18611898,19783516
480,2039,1456144,709416,746728
796,2005,27590,13949,13641
16,2050,49308,23744,25564
480,1983,1002175,499357,502818
112,1998,10091728,4729972,5361756
694,1997,3765211,1825983,1939228
90,1992,342040,174480,167560
268,2046,4768684,2295299,2473385
392,1991,123962538,60832741,63129797
152,2039,19643812,9620676,10023136
724,2026,51648839,25502908,26145931
196,2048,1401107,711360,689747
275,2050,4213540,2124017,2089523
662,1997,149715,73384,76331
191,2043,3715029,1795980,1919049
762,2047,11878042,5874068,6003974
748,2049,1827083,948669,878414
800,2044,82599427,41077569,41521858
862,1998,23390849,11643841,11747008
566,2004,137574107,70210238,67363869
328,2022,762373,383959,378414
426,1998,1896603,928322,968281
192,2049,9893613,4850791,5042822
426,2039,1909542,954543,954999
316,2012,159914,81165,78749
796,1990,11514,5862,5652
368,1987,16543189,8487545,8055644
242,2040,998125,502213,495912
328,2044,868056,433689,434367
784,2046,8027694,5294590,2733104
795,1995,4078729,2017150,2061579
44,1989,241244,117285,123959
100,2046,5720468,2793476,2926992
795,2017,5351277,2651549,2699728
585,2000,19492,10651,8841
686,2002,9972439,4832777,5139662
716,2043,22820864,11655029,11165835
376,1991,4630756,2310452,2320304
690,2003,82049,41128,40921
666,2038,4213,1969,2244
170,1977,25119134,12424721,12694413
548,2011,250716,125924,124792
152,1988,12554615,6158959,6395656
60,2003,64761,31298,33463
776,2024,105014,52673,52341
716,2029,18532424,9390245,9142179
120,1992,12702616,6363628,6338988
496,2012,2869964,1411139,1458825
218,2041,20280355,10001066,10279289
578,2020,5467439,2761469,2705970
682,1999,20824550,11742741,9081809
188,1993,3256528,1643968,1612560
578,2013,5085582,2554663,2530919
704,2029,104929944,52704238,52225706
646,2021,14668515,7318950,7349565
124,2005,32386378,16063429,16322949
834,2030,76070152,38050071,38020081
324,2047,24932581,12489351,12443230
876,2019,15809,8039,7770
762,2017,8468555,4212322,4256233
780,2001,1249053,630541,618512
796,1999,18342,9286,9056
703,2001,5402649,2625647,2777002
418,2012,6586266,3267965,3318301
554,2005,4048224,2012892,2035332
458,2001,23737357,12079305,11658052
292,2014,29185,14679,14506
586,2022,219580552,112559113,107021439
51,1989,3472148,1701317,1770831
446,2024,627763,296434,331329
705,2048,1625834,782961,842873
320,2031,19035369,9367018,9668351
24,1990,9485357,4765866,4719491
352,2008,317363,161474,155889
104,1994,43217591,21474708,21742883
659,2011,50314,25122,25192
258,2025,305484,155949,149535
562,1995,9110284,4539598,4570686
242,2022,944572,478910,465662
72,2023,2382516,1231701,1150815
604,2039,35967968,17413486,18554482
214,1997,8039937,4081548,3958389
826,2013,63395574,31500711,31894863
340,2036,11504565,5808040,5696525
776,1999,99442,49851,49591
51,2008,3076465,1469133,1607332
32,2002,38131971,18807504,19324467
624,1997,1194113,577546,616567
388,2035,3331434,1656899,1674535
422,2018,6100075,3053690,3046385
624,1994,1116514,539611,576903
450,1979,8453131,4222739,4230392
368,2014,35974993,18163105,17811888
44,1988,237708,115531,122177
84,2041,500961,253491,247470
212,2040,70363,35331,35032
674,1995,24883,12147,12736
72,2022,2359889,1217503,1142386
422,2004,4077336,2020055,2057281
600,1976,2914396,1452770,1461626
132,2036,685627,333322,352305
643,2031,137822902,63694445,74128457
666,1998,6424,3220,3204
688,1982,7645035,3757032,3888003
72,2050,2871345,1552821,1318524
520,2013,9434,4488,4946
344,2018,7213338,3351227,3862111
660,2006,13450,6591,6859
422,2049,5635106,2793105,2842001
800,1984,13384354,6564723,6819631
470,2018,417381,207966,209415
732,2040,997189,494830,502359
706,2012,10085638,5063001,5022637
716,2035,20281405,10320770,9960635
344,2044,6881100,3080327,3800773
748,1993,988716,484677,504039
116,2030,19030935,9309665,9721270
178,1999,2828666,1394854,1433812
258,1983,165319,86049,79270
388,1996,2501252,1232280,1268972
44,2024,347016,170193,176823
540,1999,207179,104551,102628
316,2050,201610,100507,101103
440,1994,3522133,1652888,1869245
690,2008,86595,43860,42735
12,2043,53170494,26809474,26361020
478,2050,6536272,3146316,3389956
40,2023,8940494,4378058,4562436
729,2036,50539486,25180837,25358649
360,1991,184751080,91988236,92762844
304,2006,57638,30552,27086
516,1995,1661362,831899,829463
417,2030,6431079,3143321,3287758
316,2043,197613,98788,98825
524,2049,33330745,16531585,16799160
780,1983,1148146,574144,574002
674,2003,28733,13937,14796
212,2003,71734,36090,35644
132,2020,583255,283318,299937
458,2015,30513848,15473636,15040212
196,2007,1048906,534520,514386
788,2042,12290553,5939126,6351427
496,1995,2306417,1149661,1156756
580,2040,72495,35057,37438
40,2022,8914793,4365689,4549104
434,1996,4613639,2384008,2229631
894,2031,23786980,11879217,11907763
732,1998,306348,151719,154629
703,2050,4850540,2347414,2503126
84,2020,379640,192230,187410
586,2044,278359495,141071209,137288286
706,2032,15769432,7891699,7877733
68,2001,8367448,4142270,4225178
478,2017,3758571,1809937,1948634
360,2042,298085798,149109411,148976387
308,2035,115658,58489,57169
8,1997,3225414,1634829,1590585
531,1999,135839,64353,71486
498,2027,3100255,1524481,1575774
882,2032,220392,111124,109268
324,2010,10324025,5163836,5160189
112,2041,8728796,4065148,4663648
348,2002,10112777,4822731,5290046
196,1992,788474,396015,392459
534,2015,40888,20180,20708
760,2036,27846256,13983342,13862914
604,1983,18566804,9352316,9214488
882,2008,189503,97525,91978
858,2008,3286372,1584928,1701444
516,1985,1199645,600457,599188
246,2039,5589128,2748714,2840414
796,2045,80369,39825,40544
24,1985,8389886,4205002,4184884
516,1989,1397505,700348,697157
392,2015,126919659,61582663,65336996
376,2041,11345321,5699458,5645863
404,2037,61778445,30792436,30986009
124,2016,35362905,17541651,17821254
678,2006,161114,80254,80860
608,2021,110829704,55611861,55217843
218,2027,18228968,9026099,9202869
716,2042,22490092,11482527,11007565
663,2018,32284,15515,16769
404,2014,45010056,22450757,22559299
231,2033,160350493,79535482,80815011
548,2003,207030,105138,101892
32,2007,40134011,19800372,20333639
184,1998,17381,8955,8426
796,2017,52570,26499,26071
702,2034,7577408,3676724,3900684
784,2001,3387327,2307684,1079643
462,2001,305913,165387,140526
191,2011,4403676,2122274,2281402
450,2016,24430325,12211574,12218751
368,2001,23908878,12088986,11819892
288,1975,10099916,5059805,5040111
670,1992,108224,54091,54133
356,2040,1571715199,809947952,761767247
826,1999,58909682,28910273,29999409
674,2020,34232,16553,17679
512,2041,4933234,2611335,2321899
566,1994,107057692,54721550,52336142
690,2023,97790,50746,47044
795,2045,6497119,3191313,3305806
191,1999,4387816,2116995,2270821
729,2043,55072006,27373610,27698396
616,2046,33694746,16228448,17466298
364,1990,58100095,29623115,28476980
360,2025,276746433,138549960,138196473
426,2004,1924895,944395,980500
428,1995,2480257,1142013,1338244
454,2030,29274546,14498974,14775572
504,1982,20198730,10110529,10088201
52,2013,288725,139683,149042
376,2035,10587726,5323026,5264700
706,2020,11757124,5921824,5835300
608,2027,120752411,60542901,60209510
784,2002,3558098,2428671,1129427
710,1992,40107298,19583314,20523984
800,2047,88022909,43767771,44255138
710,1997,43199215,21121064,22078151
4,2048,61985148,31150499,30834649
12,1990,25190449,12701930,12488519
764,1992,57599368,28542512,29056856
800,2035,66781925,33215624,33566301
860,2038,34045620,16847246,17198374
666,2012,5831,2868,2963
533,2042,144087,67792,76295
643,2024,140497710,64961000,75536710
748,1989,849298,414934,434364
324,2026,15625624,7825400,7800224
24,2043,39512404,19974085,19538319
678,1986,106345,52766,53579
70,2001,3822357,1862261,1960096
850,2029,91927,41391,50536
540,2048,367042,181151,185891
558,2009,5541165,2716774,2824391
422,2025,5396843,2694257,2702586
760,2024,24219443,12189356,12030087
56,2043,12653447,6211378,6442069
554,2009,4213418,2096303,2117115
392,2021,125133232,60560772,64572460
748,2044,1789799,925339,864460
184,2004,14086,7277,6809
516,2038,3558073,1754412,1803661
258,2016,285321,146101,139220
462,2048,441778,219000,222778
524,1988,17713762,8903225,8810537
660,2011,15094,7293,7801
24,2002,13364900,6743529,6621371
324,1974,3939774,1895195,2044579
414,2007,2375798,1404130,971668
204,1995,5646826,2784246,2862580
392,2000,126775612,61961662,64813950
12,2040,52029215,26262642,25766573
591,1983,2080789,1056541,1024248
372,2044,6162241,3053242,3108999
446,2022,621633,294158,327475
760,2000,16514089,8400662,8113427
478,1977,1455644,717511,738133
454,1986,7594475,3755832,3838643
180,1994,44820303,22137755,22682548
170,2039,55167552,27232309,27935243
524,2017,29384297,14330489,15053808
800,2003,25200119,12504918,12695201
300,2050,10035935,4812371,5223564
70,2032,3680420,1790472,1889948
784,2043,8006927,5303535,2703392
608,2045,148671874,74312784,74359090
414,1999,1916332,1126629,789703
410,2012,49823397,24936095,24887302
862,2022,33168781,16531672,16637109
144,2041,24987324,12151950,12835374
352,2022,357475,178981,178494
760,2040,28937615,14516314,14421301
56,2049,12759111,6253922,6505189
583,2028,96556,46972,49584
258,2004,250797,128591,122206
752,2039,11403173,5666593,5736580
624,2023,1993623,977383,1016240
600,2043,8632016,4289996,4342020
792,2050,89290126,44161418,45128708
388,2030,3245768,1612906,1632862
92,2027,42881,20248,22633
51,1994,3198061,1525165,1672896
780,2042,1072897,538332,534565
203,1997,10300707,5008609,5292098
100,2037,6141740,2993686,3148054
646,2033,19216587,9585650,9630937
600,2049,8815091,4368155,4446936
694,1988,3967779,1939195,2028584
268,2035,4868199,2335523,2532676
583,2018,103643,51091,52552
663,2005,27906,13405,14501
578,2000,4492400,2224505,2267895
520,2017,9642,4537,5105
620,2043,10317848,5097976,5219872
204,2035,16970337,8569787,8400550
417,2019,5907966,2894786,3013180
458,2014,30073353,15255412,14817941
356,2022,1354646111,702858864,651787247
116,1985,7841242,3687205,4154037
533,1982,61043,29669,31374
275,2019,2849242,1449108,1400134
24,2024,25010814,12654364,12356450
694,2043,11615768,5695065,5920703
548,2022,308482,153384,155098
620,2012,10781459,5254541,5526918
340,1986,4226919,2107408,2119511
585,2013,21108,11102,10006
268,2027,4921931,2357633,2564298
608,2018,105893381,53153683,52739698
250,1995,59823035,29154171,30668864
196,2029,1367431,698042,669389
268,2018,4926087,2356604,2569483
348,2025,9615020,4589201,5025819
512,2025,3981057,2135896,1845161
100,1995,8284000,4065336,4218664
732,1986,186478,92218,94260
858,2047,3501223,1702903,1798320
583,2012,106487,52917,53570
732,2015,570866,283235,287631
796,2028,64385,32293,32092
392,2007,127779038,62197244,65581794
96,2008,381371,192222,189149
500,2045,5772,2892,2880
418,2010,6368162,3159263,3208899
208,2004,5413392,2676377,2737015
800,2002,24391047,12103175,12287872
324,2012,10884958,5445545,5439413
188,1989,2949892,1490374,1459518
428,2035,1552933,729351,823582
528,2001,16046805,7939810,8106995
710,2045,67162891,33327328,33835563
534,2007,35431,17405,18026
226,2048,1391331,697714,693617
788,2049,12207601,5841763,6365838
132,1991,346826,165763,181063
484,2002,102470489,50449673,52020816
430,2030,5861601,2916082,2945519
598,2003,5188113,2690177,2497936
826,2018,65105246,32412095,32693151
580,2036,69739,33690,36049
862,2030,35764143,17835735,17928408
132,1994,375918,180186,195732
663,1997,31304,15569,15735
231,2047,215806267,106904617,108901650
404,2024,52546157,26207030,26339127
246,1994,5086044,2474592,2611452
417,1992,4592059,2257290,2334769
876,2000,14666,7287,7379
752,2017,9960487,4977612,4982875
498,2049,2294902,1145972,1148930
740,2026,641933,322842,319091
275,2015,2647784,1346879,1300905
288,2019,28715894,14155183,14560711
32,2034,50281206,24917481,25363725
28,2001,76734,36700,40034
158,2008,22987017,11606322,11380695
4,2047,61075545,30703244,30372301
466,2007,13309212,6503636,6805576
84,2000,248004,125776,122228
540,2026,310791,154541,156250
212,2050,64772,32349,32423
804,2028,42177652,19590403,22587249
804,2012,45491526,21014730,24476796
218,2036,19653100,9705438,9947662
400,2036,9764647,4862886,4901761
8,2046,2894917,1412670,1482247
408,2040,27073814,13146807,13927007
218,2037,19788252,9769355,10018897
882,1981,160919,82676,78243
304,2019,57660,30028,27632
418,2033,8753904,4337330,4416574
124,1994,29330810,14535627,14795183
104,2025,61747758,30640649,31107109
242,2018,926276,470080,456196
659,2005,47904,23842,24062
184,2038,6090,3066,3024
296,1998,81528,40644,40884
218,2024,17681846,8763009,8918837
586,1988,112021093,57885264,54135829
520,2020,9785,4570,5215
234,2041,56273,28729,27544
40,2016,8711770,4261912,4449858
534,2020,43847,21649,22198
662,1984,129118,63024,66094
478,2026,4509825,2171930,2337895
178,2036,7643377,3823476,3819901
682,2005,23642207,13137238,10504969
512,1993,2014566,1177938,836628
854,2015,18931686,9422771,9508915
308,2043,115182,57987,57195
660,2041,24648,11256,13392
694,2023,7133354,3475182,3658172
478,1991,1973430,954222,1019208
8,1993,3066285,1556447,1509838
585,1994,16866,9043,7823
706,2017,11031386,5555252,5476134
678,1990,115933,57444,58489
24,2037,34489749,17444333,17045416
748,2015,1435613,717883,717730
204,2006,8031708,4008800,4022908
496,2008,2702400,1333744,1368656
831,2047,66919,32699,34220
148,2039,17394974,8489921,8905053
404,2044,66929607,33328566,33601041
170,1992,34520324,17071025,17449299
690,2049,100772,53472,47300
208,1992,5171393,2549563,2621830
512,2007,2800283,1556228,1244055
156,2040,1364679244,689709975,674969269
756,2017,8236303,4063291,4173012
218,2048,20953519,10315304,10638215
578,2010,4891300,2444491,2446809
268,2044,4791017,2304304,2486713
434,2012,5613380,2912951,2700429
246,2038,5598147,2753192,2844955
788,1992,8514476,4295262,4219214
804,1999,49491190,22937968,26553222
480,2010,1294104,637307,656797
56,2028,12186117,6008564,6177553
504,2040,40266743,19599399,20667344
60,2015,70196,33952,36244
795,2009,4884887,2422728,2462159
214,2017,10734247,5431682,5302565
426,1994,1819497,889267,930230
246,2035,5622023,2765611,2856412
250,2042,70100402,34258385,35842017
192,2020,11059062,5498768,5560294
184,2028,7167,3656,3511
462,2012,394451,226135,168316
20,2009,83888,43427,40461
478,2034,5193511,2501114,2692397
470,2025,421239,209926,211313
646,2043,23845677,11880600,11965077
324,2024,14862619,7442488,7420131
352,2020,350734,175677,175057
634,2040,2549691,1903397,646294
28,2010,86754,41215,45539
250,2041,70132873,34276143,35856730
748,2005,1258977,622809,636168
784,2018,6215216,4250680,1964536
234,2014,49947,26005,23942
659,2014,51538,25764,25774
262,1981,344829,173770,171059
462,1992,237848,125602,112246
116,2004,13109935,6310897,6799038
276,2003,82504552,40362596,42141956
528,2002,16145467,7989877,8155590
288,1977,10556349,5261011,5295338
191,2014,4356748,2101187,2255561
388,1992,2377845,1169039,1208806
478,1993,2119242,1023726,1095516
36,2031,26240416,13145758,13094658
643,2044,132879254,61630191,71249063
262,1991,551981,271605,280376
417,2042,6868327,3350143,3518184
344,2014,7112688,3314418,3798270
180,2017,83301151,41550142,41751009
204,2016,10741458,5397117,5344341
768,2024,9508896,4715974,4792922
148,2033,15856874,7722714,8134160
56,2032,12339488,6078365,6261123
276,2008,82065368,40221024,41844344
428,2017,1944643,896236,1048407
584,2048,102142,51292,50850
104,2028,63195785,31338625,31857160
558,1974,2319604,1156569,1163035
724,2003,42321028,20759583,21561445
566,1995,109752901,56085313,53667588
348,2026,9579699,4573078,5006621
180,2049,143133493,71181752,71951741
203,2014,10627448,5220326,5407122
144,2005,20102989,9877439,10225550
222,2002,5901830,2863597,3038233
860,2028,32472708,16124596,16348112
140,2027,6908103,3439542,3468561
0,2016,1883018,970200,912818
662,2031,169781,82009,87772
4,2006,27154386,13806989,13347397
158,2019,23577456,11646751,11930705
580,2019,56660,27297,29363
620,2008,10676910,5192343,5484567
807,2015,2096015,1044262,1051753
0,1982,1582429,806452,775977
652,1990,5047,2703,2344
663,1996,32102,16053,16049
795,1990,3658462,1803762,1854700
788,2019,11409539,5655775,5753764
136,1995,32490,15875,16615
430,2013,3989703,1989399,2000304
368,2048,74304188,37450229,36853959
688,2018,7078110,3450251,3627859
368,2033,56903734,28741545,28162189
516,2027,2982275,1465887,1516388
50,2021,164218241,80671921,83546320
608,2034,132145620,66186779,65958841
882,1986,160859,84432,76427
344,2003,6796891,3307288,3489603
212,1993,70419,35094,35325
533,1993,74066,35445,38621
646,2040,22378177,11153902,11224275
832,1991,84233,40947,43286
760,2018,19454263,9784283,9669980
422,1993,3600767,1780452,1820315
674,2042,36204,17390,18814
275,2048,4143794,2090602,2053192
566,1973,60707810,31243439,29464371
586,2026,231300307,118381980,112918327
704,2050,111173583,55626678,55546905
108,2045,26614984,13272977,13342007
585,2049,22931,11106,11825
504,2004,29551507,14594139,14957368
798,2033,12433,6210,6223
191,2041,3764511,1820152,1944359
4,2039,53811781,27118427,26693354
392,2025,123385521,59613774,63771747
659,2037,57344,28566,28778
96,2034,555800,265466,290334
275,2034,3581471,1816406,1765065
226,2002,520764,256638,264126
148,1968,3572229,1756171,1816058
818,2035,136736756,69798227,66938529
296,2010,99482,48887,50595
600,2037,8382029,4177513,4204516
380,1993,57086549,27657925,29428624
796,2031,67391,33743,33648
834,2000,33193297,16384719,16808578
344,2016,7167403,3335509,3831894
748,1991,922469,451429,471040
196,2031,1381677,705035,676642
90,1988,301178,153938,147240
332,1973,4771193,2346557,2424636
196,2023,1306656,667533,639123
624,2043,2667301,1313752,1353549
410,2036,52213537,26075678,26137859
116,1969,7327872,3665847,3662025
316,2016,162742,82420,80322
760,2002,17345363,8819010,8526353
832,2044,107573,53282,54291
380,2024,62567343,30141486,32425857
64,2023,805402,417988,387414
90,1990,321133,163940,157193
31,2010,9301673,4585889,4715784
660,1989,8113,4028,4085
524,2023,31119859,15297294,15822565
32,2019,45089492,22308734,22780758
666,2037,4274,2001,2273
710,2050,68528850,34004667,34524183
690,2039,102481,53979,48502
729,2031,47050137,23490378,23559759
533,2031,133252,62832,70420
583,2050,74483,35341,39142
152,2007,16283043,8004937,8278106
72,1982,970651,456960,513691
554,1991,3455200,1710433,1744767
262,1992,547085,267246,279839
70,2035,3618364,1757999,1860365
768,2012,6961049,3452120,3508929
732,2027,769751,382187,387564
508,2044,51373090,25523447,25849643
380,1995,57294513,27726112,29568401
112,2032,9069019,4217133,4851886
174,1995,482682,236219,246463
76,2019,210301591,103586338,106715253
686,2041,23780958,11541537,12239421
654,2005,7479,3792,3687
422,2044,5678628,2823057,2855571
466,2010,14582605,7115181,7467424
600,1974,2772292,1381119,1391173
144,1991,17003368,8480366,8523002
192,2026,10916193,5409819,5506374
534,2046,52601,25862,26739
392,2024,123857038,59866733,63990305
0,2019,1920079,989329,930750
234,2002,47349,24549,22800
316,2027,179888,90625,89263
663,2013,31264,15042,16222
850,2022,98558,45146,53412
533,2050,150730,70899,79831
108,1996,5974357,2942958,3031399
496,2035,3489868,1679233,1810635
84,2008,301270,152603,148667
268,1990,5431164,2578551,2852613
854,1997,10542567,5129178,5413389
48,2017,1410942,854966,555976
450,2027,31479707,15734850,15744857
705,1997,2011612,977891,1033721
266,2027,2142545,1073362,1069183
591,1988,2301676,1168532,1133144
740,2039,696579,348881,347698
792,2005,70464462,35559907,34904555
356,2031,1472981100,762293794,710687306
388,2043,3454744,1719736,1735008
0,2034,2111977,1084159,1027818
184,2001,15725,8110,7615
724,2022,50625386,25002284,25623102
258,2047,325025,163751,161274
296,2006,94056,46446,47610
112,2039,8805798,4098284,4707514
686,2007,11394298,5513343,5880955
192,1988,10381668,5229358,5152310
600,1996,4954835,2486096,2468739
212,1991,70121,34868,35253
795,2044,6471929,3179982,3291947
76,2013,201009622,99236699,101772923
882,2048,242231,120912,121319
724,2020,50015792,24700529,25315263
214,2039,13024185,6547212,6476973
798,1980,7455,3495,3960
450,1991,11988712,5979912,6008800
768,1993,3952577,1954164,1998413
882,2001,177786,92390,85396
364,2024,89773678,45448435,44325243
0,2037,2142372,1098139,1044233
398,2043,21696703,10145570,11551133
520,2038,10852,4897,5955
428,1996,2452526,1128874,1323652
795,2046,6521358,3202196,3319162
748,1978,568340,275613,292727
732,1994,252440,124950,127490
600,2004,5828163,2925985,2902178
768,1988,3475139,1730618,1744521
678,1998,134801,66951,67850
840,2025,347334912,171488788,175846124
242,2029,969059,490148,478911
534,2014,40289,19880,20409
364,2032,94442094,47696947,46745147
50,2003,134884606,67840254,67044352
262,1999,646263,306462,339801
578,2049,6345544,3184793,3160751
426,2020,1969334,974659,994675
660,2031,21679,10044,11635
222,2021,6231711,2989800,3241911
68,2003,8719064,4316125,4402939
524,2007,25732200,12392252,13339948
528,2003,16216609,8023464,8193145
804,2045,38324253,17951455,20372798
178,1976,1496825,722435,774390
512,2001,2487301,1407633,1079668
682,2004,23200040,12923456,10276584
554,2037,5058591,2500801,2557790
250,2022,68286391,33446837,34839554
4,1980,15044289,7727216,7317073
470,2042,407064,202226,204838
376,2029,9814511,4936260,4878251
586,2012,190291129,97745306,92545823
92,2023,39751,18853,20898
458,1981,13875214,6979333,6895881
762,1998,5983489,2974493,3008996
630,2022,3503627,1668466,1835161
108,2039,22501404,11223423,11277981
558,1999,4777854,2367698,2410156
450,2019,26317853,13156711,13161142
214,2044,13363197,6704292,6658905
894,2042,31959667,15955668,16003999
368,1988,17040559,8728820,8311739
584,2029,87237,44142,43095
72,2002,1746177,861902,884275
652,2029,7014,3685,3329
703,2031,5317049,2576253,2740796
450,2014,23201926,11595971,11605955
833,2001,76422,37286,39136
64,1977,400792,210813,189979
466,1998,10178507,5008293,5170214
144,2013,21675648,10603986,11071662
724,1993,39637696,19429931,20207765
882,2026,211754,107215,104539
368,2003,25700722,12997387,12703335
96,2021,471400,230455,240945
414,2020,2993706,1738142,1255564
276,2022,79819925,39109045,40710880
332,1972,4676857,2300473,2376384
652,1992,5502,2951,2551
184,2016,9556,4930,4626
531,2008,140499,66938,73561
316,2032,186852,93909,92943
140,2044,9403116,4682460,4720656
894,2002,10558408,5278259,5280149
288,1973,9642482,4853829,4788653
388,2031,3263488,1622018,1641470
262,1985,382218,189624,192594
492,2003,31460,15371,16089
626,2026,1569747,780688,789059
422,1994,3637528,1797288,1840240
706,2037,17632564,8796372,8836192
534,2027,47515,23433,24082
320,2016,15189958,7489905,7700053
800,2018,40853749,20300316,20553433
388,2016,2970340,1471342,1498998
320,1993,9522882,4789302,4733580
233,2031,1120682,533004,587678
458,2035,38447048,19330602,19116446
792,1982,47456570,24035139,23421431
212,2020,74243,37502,36741
732,1995,263874,130632,133242
92,2033,47433,22265,25168
196,2001,932632,473599,459033
218,1992,10553806,5229254,5324552
170,2004,40922152,20226943,20695209
784,2024,6965642,4733753,2231889
586,2025,228385138,116939754,111445384
798,1982,7682,3619,4063
364,1999,67803934,34514910,33289024
800,1981,12295706,6051915,6243791
70,2017,3856181,1879272,1976909
400,1997,4458252,2314610,2143642
68,2036,14171209,7011387,7159822
68,1994,7214813,3572156,3642657
663,2020,32556,15629,16927
258,2026,307273,156794,150479
28,2011,87884,41721,46163
174,1988,410930,202246,208684
178,1981,1722676,835773,886903
276,1993,81132272,39400163,41732109
626,2017,1291358,646880,644478
180,2037,121990484,60832679,61157805
266,1976,687762,329979,357783
268,2026,4926415,2359365,2567050
554,2017,4510327,2244249,2266078
400,2019,7712963,3883877,3829086
56,1998,10217030,4998303,5218727
634,2044,2546715,1890837,655878
654,2032,7852,3878,3974
372,2041,6058824,3005228,3053596
826,2044,70637249,35154187,35483062
328,2026,787562,396011,391551
882,1994,167483,88118,79365
578,1999,4463377,2208783,2254594
184,2020,8574,4409,4165
470,2015,413965,206163,207802
562,2041,37115376,18550187,18565189
833,2009,83039,41184,41855
728,2024,16210247,8208472,8001775
8,1999,3187329,1607760,1579569
112,2030,9144227,4252174,4892053
262,2037,1225684,555014,670670
368,2034,58082670,29334595,28748075
524,2025,31565692,15534348,16031344
686,1978,5343808,2669631,2674177
608,2039,139919406,70021481,69897925
90,2040,920440,468845,451595
752,2041,11512044,5717819,5794225
798,2011,10544,5188,5356
780,2011,1227505,621631,605874
854,2021,22629796,11271538,11358258
60,2038,72939,35134,37805
44,2041,369545,181327,188218
583,2042,83162,39797,43365
174,2046,1136861,545443,591418
364,2038,96962930,48847503,48115427
136,2024,66536,32327,34209
218,2007,14134956,7035632,7099324
834,2047,111771236,55941137,55830099
20,2008,82627,42825,39802
508,1985,13293047,6486520,6806527
834,2043,102892114,51505681,51386433
262,1998,620884,295349,325535
408,2047,27042422,13104558,13937864
548,2002,201729,102621,99108
528,2025,17572113,8674269,8897844
64,1991,625045,328705,296340
268,1992,5371193,2550757,2820436
686,2010,12323252,5960447,6362805
116,2037,20296126,9946933,10349193
531,2015,148406,71058,77348
652,2014,7267,3859,3408
352,2037,391692,194802,196890
231,2002,68167888,33985668,34182220
858,2020,3387605,1639364,1748241
48,2031,1650682,974239,676443
384,2010,21058798,10674192,10384606
404,2041,64798540,32283849,32514691
316,2003,157579,80419,77160
748,2041,1765124,909828,855296
8,2026,3107514,1530560,1576954
600,2041,8557390,4257022,4300368
480,2031,1440525,704080,736445
246,1995,5104654,2484895,2619759
620,2005,10566212,5129865,5436347
428,2032,1617462,757300,860162
426,2008,1915469,942183,973286
364,2015,81824270,41500345,40323925
876,2025,16023,8169,7854
356,1995,920584971,475893588,444691383
324,2039,21148239,10594942,10553297
833,2024,92260,46343,45917
204,2031,15590203,7869779,7720424
24,1994,10658469,5363520,5294949
144,2043,25073323,12193387,12879936
44,1996,268881,131002,137879
566,2044,348492863,177007907,171484956
246,2003,5205082,2544701,2660381
376,1994,5156685,2575204,2581481
418,2024,7868338,3903428,3964910
752,2050,12011256,5954588,6056668
832,2019,100348,49415,50933
826,1996,58344567,28555895,29788672
76,2042,231781810,113092947,118688863
554,2013,4365113,2172595,2192518
320,2002,11506669,5701559,5805110
694,2021,6788990,3304684,3484306
566,2040,321286749,163310666,157976083
690,2048,101116,53608,47508
158,2018,23545963,11651274,11894689
764,2026,69658019,34009949,35648070
626,1997,924395,474150,450245
516,1994,1620363,811412,808951
28,2040,117377,54717,62660
740,2010,545859,274774,271085
690,2001,80173,40005,40168
624,2006,1442747,700623,742124
652,2024,7067,3728,3339
324,1969,3573863,1716141,1857722
340,1976,2954566,1468861,1485705
706,2018,11259029,5670985,5588044
600,2045,8699411,4319256,4380155
410,2041,51052399,25419506,25632893
108,2000,6715979,3318451,3397528
788,1984,7184530,3630657,3553873
218,2010,14790608,7358563,7432045
748,1999,1117139,550442,566697
894,2010,13041876,6517176,6524700
70,2013,3875723,1888668,1987055
275,2036,3669604,1859923,1809681
392,2048,108706933,52257670,56449263
174,2024,893992,431662,462330
64,1995,566313,300803,265510
60,2024,72672,35119,37553
140,2049,10181649,5067090,5114559
688,1990,7786397,3825272,3961125
214,1980,5696855,2893871,2802984
540,2021,293582,146319,147263
440,2012,2973160,1369044,1604116
558,1977,2554286,1274044,1280242
434,2024,7290984,3757347,3533637
0,1997,2086410,1065898,1020512
798,2013,10698,5270,5428
504,2041,40472922,19691978,20780944
788,2036,12240044,5961929,6278115
454,2002,11761078,5802924,5958154
258,1987,185827,96552,89275
320,2007,12728111,6281356,6446755
531,2028,154285,74387,79898
566,2013,172831537,88153995,84677542
50,2049,192686825,92916443,99770382
231,2042,195592399,96940718,98651681
76,2032,225820856,110641446,115179410
246,2050,5475753,2697618,2778135
104,2016,56890418,28269772,28620646
724,2030,52445388,25882314,26563074
212,1982,73813,36647,37166
608,2009,91586193,45960680,45625513
616,2045,33925231,16337541,17587690
534,2050,53001,26098,26903
218,1996,11526481,5712346,5814135
400,2023,8047851,4039875,4007976
716,2026,17664584,8928542,8736042
659,2042,57309,28462,28847
620,2025,10806202,5302790,5503412
678,2026,230621,115150,115471
798,2026,11907,5918,5989
288,1998,18261420,9070382,9191038
140,2010,4844927,2395213,2449714
32,1984,30230644,14997401,15233243
434,2003,5353270,2771267,2582003
762,2011,7627200,3794073,3833127
116,1971,7387709,3685409,3702300
140,2038,8490103,4229747,4260356
659,2006,48280,24047,24233
604,1988,20664916,10404639,10260277
36,2025,25053669,12559884,12493785
752,2042,11567079,5743848,5823231
584,2018,75684,38460,37224
316,2020,168322,85076,83246
440,2016,2854235,1315433,1538802
434,2017,6653210,3442336,3210874
180,2038,123822100,61735952,62086148
188,2017,4930258,2472321,2457937
604,2049,36895260,17756376,19138884
442,2007,482297,239115,243182
764,2044,67803918,32791751,35012167
184,2026,7461,3814,3647
48,2036,1712150,1005839,706311
384,2014,22848945,11562488,11286457
826,2038,69865313,34787291,35078022
332,2025,11749583,5791069,5958514
686,1994,8166145,3977846,4188299
662,2013,162781,79382,83399
670,2047,94550,47299,47251
748,2031,1662888,847489,815399
500,2042,5795,2901,2894
478,1986,1763680,856744,906936
499,1997,692651,344612,348039
40,2024,8964711,4389528,4575183
120,1997,14606562,7322731,7283831
266,1989,918835,453198,465637
72,1989,1226517,587097,639420
340,1994,5389808,2697518,2692290
50,1988,101386934,51991083,49395851
24,2031,29883977,15119289,14764688
408,1997,22443282,10910392,11532890
0,2013,1847708,951751,895957
831,2010,64775,32005,32770
804,2049,37391526,17567941,19823585
270,2008,1671296,827338,843958
512,2023,3844366,2067664,1776702
428,2029,1683653,785860,897793
218,1993,10753682,5324653,5429029
716,2014,13771721,6870900,6900821
562,2024,23898202,11984027,11914175
208,2031,5732797,2798924,2933873
534,1992,32423,16002,16421
496,2023,3252195,1582618,1669577
887,2015,26737317,13533862,13203455
348,2024,9649040,4604699,5044341
430,2001,2679794,1335173,1344621
288,2034,39101129,19226561,19874568
591,2033,4433709,2218823,2214886
12,2022,44195289,22390385,21804904
702,2002,4281211,2115417,2165794
108,2020,12631974,6293246,6338728
608,1983,51959692,26057946,25901746
663,1998,30358,15008,15350
408,2013,24720407,11984169,12736238
96,2031,537708,258101,279607
324,1963,3193668,1528861,1664807
180,1987,35504145,17460123,18044022
430,2031,5978837,2974131,3004706
454,1993,10141863,4995933,5145930
528,2042,17978913,8803652,9175261
834,2006,39618057,19645017,19973040
90,2042,941101,479152,461949
616,1997,38654956,18801195,19853761
232,2029,6742934,3320720,3422214
158,2007,22909368,11591220,11318148
724,2036,53234497,26234601,26999896
762,2044,11601855,5741263,5860592
554,2014,4401916,2190887,2211029
316,2026,178348,89891,88457
308,2047,114701,57605,57096
724,2002,41639614,20403137,21236477
288,2015,26327649,12987926,13339723
784,2019,6356100,4343189,2012911
50,2008,143398838,71577336,71821502
48,1997,610845,349275,261570
533,1981,60308,29332,30976
854,1976,5764606,2859294,2905312
174,2042,1098946,527947,570999
192,2003,11240950,5622883,5618067
4,1993,17003437,8677110,8326327
652,1994,5935,3183,2752
832,2003,88087,43037,45050
203,2032,10588622,5226993,5361629
583,2017,104196,51432,52764
630,2019,3530915,1683375,1847540
796,2041,76896,38232,38664
384,2043,34702210,17430252,17271958
188,2000,3882581,1956144,1926437
174,2049,1162059,556904,605155
348,2046,8692580,4170582,4521998
760,1992,13347357,6808063,6539294
850,2000,108639,51863,56776
226,1991,381377,185154,196223
674,2040,36311,17449,18862
584,2037,94668,47748,46920
144,2026,23682392,11541086,12141306
84,2014,340844,172591,168253
72,2047,2815908,1518164,1297744
140,1976,2112017,1016478,1095539
496,2047,3650797,1740800,1909997
466,2004,12154226,5950857,6203369
364,2039,97331405,49009860,48321545
231,2031,152826114,75815274,77010840
0,1996,2058998,1051696,1007302
854,1999,11225306,5471328,5753978
288,1986,14142708,7084987,7057721
438,2010,36137,17864,18273
430,2035,6451727,3208242,3243485
540,2014,267840,134008,133832
270,1995,1161456,577549,583907
478,2047,6292329,3029255,3263074
232,1983,2785812,1385660,1400152
8,1994,3111162,1578974,1532188
276,2028,78533572,38330838,40202734
64,2013,725296,379250,346046
682,1995,18755041,10595432,8159609
120,2026,31253818,15653357,15600461
496,1998,2402673,1195842,1206831
480,2043,1454846,707863,746983
24,2001,12997970,6556664,6441306
454,2007,13719274,6782555,6936719
64,1982,478235,252076,226159
498,2017,3474121,1693506,1780615
646,2035,20080425,10014554,10065871
262,1957,96418,48286,48132
188,2045,5997241,2974104,3023137
231,2035,168006173,83319405,84686768
504,1983,20679401,10345459,10333942
894,2050,38992619,19462894,19529725
682,2021,30235531,16345334,13890197
862,2037,37586961,18745458,18841503
84,1986,171241,86718,84523
662,1992,140992,69078,71914
580,2011,52167,25094,27073
430,1988,2375947,1211509,1164438
458,2018,31809660,16113342,15696318
36,2038,27404752,13718095,13686657
660,2045,25725,11698,14027
56,2048,12744824,6248219,6496605
768,2015,7552318,3745462,3806856
426,2007,1916857,942165,974692
124,2049,41038622,20201356,20837266
578,2005,4624875,2293480,2331395
776,2043,89919,44864,45055
795,2014,5171943,2563858,2608085
512,2046,5198688,2742426,2456262
688,1991,7751781,3802787,3948994
732,1983,165683,81991,83692
604,2041,36215182,17511102,18704080
84,2015,347369,175895,171474
158,2050,20834040,9905190,10928850
222,2037,6346116,3028995,3317121
678,1987,108595,53863,54732
276,2020,80159662,39315349,40844313
372,2049,6309239,3120572,3188667
586,2015,199085847,102231058,96854789
566,2050,391296754,198471175,192825579
624,2025,2061262,1011417,1049845
686,2049,26866780,13049635,13817145
442,2003,453937,224275,229662
180,2044,134539798,66997456,67542342
108,1991,5643309,2773482,2869827
818,1996,60410338,30932478,29477860
392,2017,126451398,61303752,65147646
831,2040,67673,33222,34451
688,1985,7719700,3793662,3926038
192,2018,11116396,5533137,5583259
208,2011,5529888,2729420,2800468
344,2029,7285971,3338363,3947608
450,2007,19185672,9579015,9606657
51,2004,3086691,1463026,1623665
678,1985,104186,51714,52472
191,2042,3739842,1808075,1931767
196,1987,701618,350063,351555
68,2037,14316474,7083034,7233440
100,2030,6481250,3155026,3326224
663,2038,34041,16146,17895
408,2044,27082378,13134224,13948154
422,2042,5681829,2827392,2854437
288,1980,11152565,5495111,5657454
158,2033,23320589,11291438,12029151
818,2050,168937974,86075696,82862278
246,1997,5134406,2501881,2632525
807,2008,2061315,1028698,1032617
32,2017,44293293,21904594,22388699
796,2008,37617,19033,18584
132,1999,421678,202918,218760
740,2002,480008,240802,239206
508,1995,15888208,7616638,8271570
262,1974,216363,108156,108207
600,1985,3633464,1815771,1817693
262,1996,568430,271875,296555
192,2045,10135328,4976906,5158422
598,1995,4215889,2219019,1996870
496,1990,2121375,1059396,1061979
724,2033,52903136,26091796,26811340
702,2007,4821918,2373616,2448302
800,2030,58488168,29086767,29401401
440,2001,3475394,1624322,1851072
104,2022,60201459,29890095,30311364
776,2047,84036,41802,42234
136,2019,60781,29594,31187
0,2039,2160388,1106140,1054248
662,2027,169106,81875,87231
524,2041,33481355,16561376,16919979
670,2008,104938,53141,51797
818,2020,104124440,53203274,50921166
276,1995,81653702,39725594,41928108
666,2031,4651,2204,2447
328,1996,768610,386818,381792
434,2049,8930859,4526076,4404783
548,2010,245253,123318,121935
682,2001,21796085,12231925,9564160
44,1987,234482,113937,120545
732,2032,856209,425078,431131
840,2035,370338137,183030417,187307720
795,1993,3917964,1935192,1982772
96,2006,367819,186463,181356
591,1994,2587713,1311411,1276302
706,1991,6464481,3241111,3223370
28,1996,70055,33610,36445
776,2025,104648,52486,52162
64,1951,168026,85870,82156
136,2030,73089,35414,37675
533,2033,135412,63819,71593
434,2036,8206528,4198999,4007529
233,2032,1110188,528662,581526
752,2044,11678014,5796472,5881542
222,2034,6353894,3034740,3319154
496,2011,2826886,1391279,1435607
132,2028,639253,310963,328290
858,2025,3431610,1663307,1768303
92,2029,44418,20931,23487
858,2041,3501780,1702263,1799517
258,2022,299539,153098,146441
834,1988,23477486,11542733,11934753
340,2008,7675849,3858324,3817525
24,2035,32909768,16647278,16262490
140,1977,2167560,1044189,1123371
466,2037,30090748,14610211,15480537
442,1994,403671,198248,205423
192,2023,10982375,5451674,5530701
136,2031,74130,35902,38228
580,2023,60388,29138,31250
136,1993,30006,14671,15335
646,2037,20977188,10459460,10517728
854,2033,31582606,15733409,15849197
72,1998,1604007,784863,819144
784,2016,5927482,4060800,1866682
196,2044,1411732,717821,693911
706,2016,10817354,5445658,5371696
104,2034,65768769,32563584,33205185
654,2007,7563,3833,3730
170,2018,48168996,23801257,24367739
250,2005,63059742,30795012,32264730
450,2005,18131781,9045844,9085937
524,2034,33011896,16296426,16715470
234,2045,56649,28855,27794
646,2007,10141078,5043221,5097857
332,2034,12899589,6333958,6565631
24,2022,23721834,12001583,11720251
144,1984,15714198,7919378,7794820
300,2046,10183224,4894312,5288912
124,2025,37558781,18597689,18961092
670,2022,100979,51388,49591
296,1997,79694,39781,39913
780,1989,1248162,625505,622657
388,2024,3131844,1554321,1577523
642,2022,21137787,10276225,10861562
598,1997,4448371,2331562,2116809
584,2011,67182,34221,32961
566,1961,42774598,22016964,20757634
60,2049,70197,33802,36395
44,2040,368955,181043,187912
352,2002,287448,143838,143610
288,1978,10773891,5352605,5421286
226,1996,438420,214430,223990
528,2008,16410055,8109469,8300586
666,2043,3908,1812,2096
458,1991,18376069,9326630,9049439
894,2039,29550276,14753820,14796456
798,2000,10037,4914,5123
170,1999,38563857,19056353,19507504
104,2036,66529178,32920892,33608286
158,2048,21217416,10101825,11115591
705,2028,1877044,910937,966107
12,2006,33420968,16899349,16521619
276,2019,80313272,39408105,40905167
646,1995,5472977,2699416,2773561
320,2036,20183230,9924578,10258652
508,1986,13432713,6555815,6876898
222,1995,5479829,2664180,2815649
440,2014,2914462,1342424,1572038
44,2042,370063,181572,188491
462,2046,438630,217560,221070
70,2010,3884899,1892971,1991928
116,1984,7690581,3601968,4088613
214,2033,12527139,6311063,6216076
51,2034,2813953,1392233,1421720
504,2001,28477475,14089701,14387774
144,1999,18792874,9311829,9481045
566,2017,190632261,97192464,93439797
654,2047,7429,3601,3828
558,2032,6841629,3335538,3506091
818,1998,62900550,32188856,30711694
534,2026,47049,23209,23840
776,1989,95992,48124,47868
516,2035,3401388,1676064,1725324
178,2029,6522598,3267034,3255564
652,2023,7079,3737,3342
430,2008,3440371,1716818,1723553
583,2025,98948,48323,50625
591,1993,2538364,1286793,1251571
418,2003,5654002,2802526,2851476
624,1984,864775,417338,447437
862,2027,34853141,17379060,17474081
212,1987,71815,35692,36123
580,2002,74372,33368,41004
226,2015,740743,368951,371792
616,2033,36438155,17564269,18873886
508,2030,36621541,18075123,18546418
184,2024,7791,3991,3800
324,1958,2924161,1394894,1529267
92,2032,46688,21936,24752
36,2045,28389679,14207834,14181845
36,2027,25470163,12766024,12704139
608,2044,147264657,73625380,73639277
70,2048,3274942,1582290,1692652
531,2024,153150,73676,79474
12,2013,38087812,19283146,18804666
732,1974,83767,41953,41814
288,2026,33292971,16392288,16900683
188,1992,3168359,1599896,1568463
132,2042,713414,346293,367121
492,2010,30586,14918,15668
320,2033,19503108,9594342,9908766
262,2021,940771,427317,513454
222,2027,6312704,3021340,3291364
203,2036,10508280,5192451,5315829
480,1988,1044942,519589,525353
212,2038,71226,35804,35422
686,2011,12643799,6115090,6528709
270,1994,1119592,556819,562773
499,2026,634391,315442,318949
104,2044,69162048,34140552,35021496
762,2040,11202706,5548818,5653888
583,2003,108109,54427,53682
233,2044,987566,477166,510400
52,2050,282041,134075,147966
796,2003,22920,11583,11337
498,1992,4382308,2091440,2290868
292,2030,29724,14805,14919
24,1970,5605626,2785930,2819696
52,1987,259124,123890,135234
643,2026,139768208,64608882,75159326
324,2036,19795036,9916740,9878296
418,2041,9427144,4662486,4764658
233,2030,1131206,537349,593857
188,2024,5304978,2654132,2650846
112,2050,8339664,3905002,4434662
540,1988,161942,82349,79593
894,2013,14222233,7106851,7115382
442,2028,708233,357384,350849
364,2050,100044564,50065384,49979180
384,2002,17687648,8987603,8700045
652,2022,7092,3747,3345
659,2031,56738,28346,28392
663,2029,33370,15910,17460
558,1997,4598209,2284437,2313772
40,1995,8047432,3902861,4144571
784,2050,8018904,5258581,2760323
4,2019,35780458,18124954,17655504
64,2040,911950,467561,444389
784,2014,5628805,3861930,1766875
140,1989,2999869,1461037,1538832
492,2048,30416,14646,15770
308,2046,114840,57710,57130
226,2017,778358,388125,390233
634,2047,2550818,1887154,663664
70,2004,3876893,1889258,1987635
96,2023,485175,236262,248913
268,2032,4890671,2344893,2545778
703,2014,5443583,2641514,2802069
203,1994,10330165,5018083,5312082
140,2028,7045675,3508600,3537075
499,2002,720230,358604,361626
531,2036,154453,74856,79597
634,2012,1951591,1496609,454982
788,2001,9609570,4825021,4784549
860,2016,29473614,14665514,14808100
826,1994,58005687,28340340,29665347
344,2035,7184594,3259499,3925095
44,2008,304727,148955,155772
414,1991,940940,508864,432076
704,2017,96160163,48175291,47984872
760,1999,16100671,8192586,7908085
64,1972,333634,174641,158993
316,2029,182831,92021,90810
231,1995,55725462,27914724,27810738
96,2040,589132,278839,310293
762,2009,7349145,3655567,3693578
231,1994,54030146,27082226,26947920
8,2050,2824012,1377732,1446280
328,2029,806342,404997,401345
233,2001,1369399,630649,738750
748,2000,1143927,564003,579924
826,1998,58680368,28763571,29916797
212,2030,73742,37203,36539
392,2039,115127813,55359862,59767951
674,2028,35667,17201,18466
600,1999,5311544,2666121,2645423
850,2013,104737,48909,55828
388,2019,3030906,1502438,1528468
796,2037,73195,36504,36691
388,2042,3439998,1712271,1727727
270,2022,2253484,1112462,1141022
818,2013,87679255,44788885,42890370
533,2012,107635,51056,56579
760,1996,14882746,7579645,7303101
276,2039,75315323,36434252,38881071
234,2034,55373,28409,26964
558,2037,7020766,3422618,3598148
296,1985,62034,30819,31215
578,2022,5555386,2806566,2748820
780,2038,1097989,552492,545497
204,1992,5010143,2458851,2551292
204,2030,15248065,7695910,7552155
682,2007,24498521,13547550,10950971
674,2014,32742,15866,16876
308,2038,115555,58345,57210
50,2040,187297401,90834046,96463355
740,2018,597927,301020,296907
430,1993,1952628,980803,971825
860,2012,28394180,14130824,14263356
562,2014,17466172,8764317,8701855
620,2041,10406760,5139255,5267505
184,2012,10777,5573,5204
28,1992,65181,31379,33802
591,2009,3360474,1694319,1666155
831,2036,67940,33453,34487
670,2020,101390,51589,49801
608,2017,104256076,52336902,51919174
92,1992,16988,8666,8322
231,2017,105350020,52334314,53015706
704,2008,87558363,43567627,43990736
344,2038,7099131,3204437,3894694
64,2036,890985,458177,432808
196,2038,1410268,718400,691868
690,1978,62450,31398,31052
662,2049,163254,77894,85360
438,2049,43575,21876,21699
178,2042,8704284,4348734,4355550
659,2021,54166,27112,27054
466,2033,27523514,13369678,14153836
608,2006,86656261,43473967,43182294
512,2029,4242148,2266466,1975682
250,2000,61255363,29878690,31376673
760,1983,9734673,4982089,4752584
288,2005,21106982,10442987,10663995
232,2044,8347412,4110979,4236433
762,2028,9870184,4902766,4967418
262,2039,1255789,569332,686457
222,2032,6350339,3034629,3315710
703,2037,5193944,2514257,2679687
214,2042,13234717,6645200,6589517
352,2050,406766,201076,205690
388,1988,2329431,1147778,1181653
729,2029,45621890,22798007,22823883
4,2043,57432905,28908393,28524512
212,2011,72969,36804,36165
776,2050,78995,39178,39817
480,2009,1284264,632621,651643
178,2025,5947999,2980780,2967219
417,2027,6307298,3085195,3222103
496,2021,3197529,1559006,1638523
232,2049,8841290,4350450,4490840
64,2027,834394,431812,402582
304,2020,57616,29958,27658
690,2028,100180,52291,47889
580,2045,75602,36673,38929
706,1995,6400722,3218048,3182674
566,2011,164423884,83881104,80542780
854,2010,16241811,8077357,8164454
320,2015,14918999,7357101,7561898
682,2039,36932792,19715320,17217472
887,2013,25338458,12831589,12506869
104,1998,46110824,22923412,23187412
533,1995,79962,38178,41784
620,2044,10269731,5075398,5194333
52,2042,291421,139202,152219
148,2005,9400658,4499102,4901556
798,2034,12497,6246,6251
798,2007,10279,5044,5235
191,2024,4145423,2001085,2144338
108,1982,4581943,2225550,2356393
340,2018,9182766,4624519,4558247
32,2015,43474726,21488404,21986322
414,2031,3361614,1917125,1444489
288,2039,43045692,21153502,21892190
562,2004,12331681,6179612,6152069
705,1993,1999926,970545,1029381
96,2029,525097,252915,272182
832,2027,105049,51863,53186
170,1993,35205604,17403674,17801930
882,2049,243609,121535,122074
694,2009,5132138,2488708,2643430
422,2032,5570449,2779631,2790818
466,1981,7011054,3423558,3587496
566,1979,72595682,37360357,35235325
694,1982,3472250,1706331,1765919
438,2038,42871,21411,21460
404,2031,57261743,28551380,28710363
203,2002,10235948,4980166,5255782
600,2021,7274988,3644837,3630151
804,2016,44209733,20466481,23743252
158,1990,20278248,10481936,9796312
428,2009,2161153,993957,1167196
704,2046,110860296,55523330,55336966
430,1983,2032367,1033815,998552
760,1998,15690604,7986201,7704403
158,2049,21027729,10004013,11023716
92,2021,38172,18147,20025
524,2048,33386055,16552521,16833534
682,2025,31877311,17176992,14700319
450,2039,39135801,19532638,19603163
584,2032,90157,45564,44593
422,2038,5661378,2821474,2839904
262,2041,1284459,583193,701266
324,1964,3252861,1558149,1694712
364,1987,52340187,26706918,25633269
694,2005,4708054,2281106,2426948
148,2002,8436193,4039937,4396256
417,2036,6660599,3251154,3409445
710,1994,41618862,20394951,21223911
850,2012,105275,49256,56019
430,1974,1575442,796570,778872
76,2003,181553173,89932890,91620283
752,2030,10913415,5440385,5473030
703,2015,5445027,2642408,2802619
16,2010,55467,27891,27576
724,1991,39461418,19350660,20110758
268,2006,4830793,2303266,2527527
203,2030,10627173,5243874,5383299
328,2013,736805,372073,364732
112,1993,10250139,4809296,5440843
674,2029,35799,17259,18540
203,2012,10591707,5198499,5393208
854,2007,14797172,7354766,7442406
180,2000,52445195,25978229,26466966
446,1992,375327,181221,194106
643,2023,140841043,65127156,75713887
796,2038,74136,36946,37190
316,2019,166658,84276,82382
659,2036,57294,28557,28737
156,2049,1308994804,656746722,652248082
620,2040,10447496,5157922,5289574
242,2038,993518,500419,493099
188,1998,3713735,1872185,1841550
152,2023,18548532,9113981,9434551
332,2005,9060501,4471810,4588691
670,2015,102627,52154,50473
876,2030,16085,8205,7880
516,1993,1579302,790916,788386
620,2001,10386753,5029938,5356815
764,1991,56848084,28173502,28674582
508,1982,12613458,6149320,6464138
32,2022,46239387,22890743,23348644
404,2036,61009766,30411647,30598119
729,2013,34847910,17592220,17255690
275,2022,3001716,1526231,1475485
231,2019,111483031,55366890,56116141
192,2011,11263757,5622389,5641368
20,2046,77686,38452,39234
833,2018,89407,44805,44602
320,1981,6828684,3441272,3387412
304,2040,53214,26727,26487
422,2006,4223074,2098617,2124457
434,2030,7772949,3991923,3781026
31,2043,11175564,5528013,5647551
654,2041,7655,3732,3923
663,2040,34168,16193,17975
724,1996,39820561,19505852,20314709
458,2019,32233022,16321574,15911448
414,1989,2048192,1185673,862519
64,1980,446035,234966,211069
524,1980,14612664,7430918,7181746
124,2034,39243422,19372315,19871107
434,2043,8640303,4399506,4240797
0,2049,2219691,1128741,1090950
833,2004,78744,38680,40064
218,2045,20694135,10194603,10499532
454,2036,35196025,17431584,17764441
850,2005,107863,51091,56772
174,1986,392061,193346,198715
275,2024,3103045,1577341,1525704
578,2021,5511645,2784214,2727431
68,1995,7374871,3651431,3723440
690,2045,101916,53904,48012
524,2033,32896197,16234475,16661722
174,2016,794678,384863,409815
56,2039,12555799,6171139,6384660
148,2047,19570988,9573511,9997477
833,2032,94147,47281,46866
170,2013,45745783,22599522,23146261
50,1989,103731720,53131146,50600574
466,2011,15032400,7331614,7700786
156,2001,1275373334,657197109,618176225
430,1986,2230380,1136378,1094002
296,2007,95479,47093,48386
70,2019,3843037,1872918,1970119
56,2024,11981243,5908943,6072300
28,2021,99325,46831,52494
100,2007,7509498,3679538,3829960
598,2000,4812791,2508168,2304623
894,2017,15972000,7980403,7991597
184,2044,5690,2836,2854
840,2041,382096402,189069720,193026682
50,2032,179536240,87535161,92001079
104,2019,58576935,29097060,29479875
466,2019,19068037,9279141,9788896
262,2026,1035707,468535,567172
28,2032,110987,51980,59007
531,2007,139025,66174,72851
833,2005,79590,39160,40430
50,2023,167298181,82068932,85229249
682,2015,27752316,15105575,12646741
324,1959,2974085,1419729,1554356
372,2040,6022567,2988337,3034230
438,2008,35600,17562,18038
44,2048,371429,182171,189258
454,2035,34154069,16915794,17238275
196,2045,1409977,716678,693299
304,2000,56890,30363,26527
748,1985,721571,351365,370206
234,2022,52260,27071,25189
652,2039,6822,3556,3266
702,1996,3668466,1825961,1842505
674,2021,34445,16650,17795
780,2031,1144730,578386,566344
233,2007,1316118,606952,709166
660,2002,12113,6005,6108
76,2008,192130270,95023555,97106715
174,2037,1044945,502694,542251
232,2019,6024854,2965928,3058926
780,2049,1029872,513954,515918
266,2031,2308431,1158704,1149727
504,1991,24433716,12170028,12263688
76,1979,118157191,58821136,59336055
454,2044,44261051,21914569,22346482
384,1992,13422141,6850052,6572089
894,1986,6757156,3389764,3367392
392,2011,127469543,61950741,65518802
262,1961,116867,58508,58359
144,1990,16861677,8417605,8444072
854,1995,9902779,4808720,5094059
388,2014,2930050,1450686,1479364
894,2014,14638505,7314734,7323771
600,2032,8104678,4047615,4057063
316,2002,157061,80191,76870
328,1999,779498,392935,386563
48,2037,1723878,1011842,712036
470,2039,410946,204258,206688
554,1993,3536637,1752653,1783984
430,2047,7853821,3900631,3953190
191,2000,4390263,2116432,2273831
140,2005,4363038,2149662,2213376
430,2018,4511788,2247771,2264017
630,2036,3310238,1575897,1734341
768,2035,12245484,6073116,6172368
158,2027,23612209,11522804,12089405
170,2008,43141109,21314645,21826464
36,1998,18620837,9284367,9336470
36,2001,19294257,9629180,9665077
583,2019,103057,50734,52323
498,2038,2681351,1326776,1354575
706,1978,4679501,2335754,2343747
690,2000,79158,39398,39760
384,1993,13860566,7069103,6791463
8,2003,3069665,1532186,1537479
24,1986,8624046,4324657,4299389
16,2039,50385,24468,25917
710,2046,67463301,33477650,33985651
807,2039,2074725,1028099,1046626
144,1986,16069843,8072741,7997102
422,1977,2757773,1375852,1381921
604,2020,31914989,15641906,16273083
462,2042,431176,214067,217109
756,2000,7277250,3564630,3712620
462,2006,348119,194951,153168
598,2026,7932519,4022380,3910139
360,2037,294101507,147200021,146901486
64,1992,601655,317535,284120
84,1981,149207,75430,73777
498,2043,2501559,1242078,1259481
792,2039,89134051,44390272,44743779
662,2028,169340,81941,87399
818,2031,128322004,65525428,62796576
492,2015,30535,14853,15682
678,2023,220917,110304,110613
140,2035,8045203,4008345,4036858
454,2042,41880410,20738031,21142379
702,2014,5567301,2728825,2838476
400,2037,9890794,4922962,4967832
706,1990,6692038,3320010,3372028
426,2038,1913075,955816,957259
8,2017,3047987,1506748,1541239
4,2046,60165568,30255436,29910132
276,2001,82320660,40226527,42094133
780,2012,1226383,621195,605188
732,1978,95159,46901,48258
180,2029,106957746,53382061,53575685
438,2042,43218,21611,21607
250,2043,70056299,34235990,35820309
795,2043,6445880,3168245,3277635
430,1976,1659860,840481,819379
428,2005,2258990,1039946,1219044
862,2039,38027237,18964468,19062769
408,2011,24457492,11850436,12607056
414,2047,3797631,2119594,1678037
654,2035,7806,3837,3969
56,2047,12729289,6241997,6487292
266,2035,2483877,1249171,1234706
705,2027,1887512,916404,971108
132,2026,626000,304463,321537
422,2046,5666940,2814137,2852803
324,2033,18486478,9260623,9225855
352,2035,388350,193355,194995
702,2012,5353494,2627154,2726340
670,2010,104217,52839,51378
558,1976,2472954,1233351,1239603
320,1998,10708144,5352717,5355427
44,2005,296708,144949,151759
686,2012,12969606,6272442,6697164
480,1984,1012042,504059,507983
51,2001,3099474,1462100,1637374
174,2035,1021979,491894,530085
258,1998,227451,117316,110135
212,2029,73934,37311,36623
624,2017,1792338,876111,916227
158,1991,20492092,10585294,9906798
764,2000,62901817,31124121,31777696
500,2039,5804,2904,2900
826,2050,71153797,35397522,35756275
414,2001,2027734,1196956,830778
834,1985,21484003,10561816,10922187
308,1988,94286,46181,48105
554,2000,3802400,1885280,1917120
776,2027,103807,52055,51752
192,2014,11237982,5604760,5633222
662,2040,168631,80981,87650
356,2030,1460743172,756239674,704503498
68,2011,10118683,5007664,5111019
246,2034,5628602,2769233,2859369
268,1996,4965838,2352148,2613690
626,2013,1172390,589138,583252
858,2009,3293765,1588612,1705153
458,1999,22553411,11478563,11074848
72,2005,1840116,914268,925848
616,1990,38119408,18577268,19542140
466,2047,36507806,17704039,18803767
729,2011,33557327,16970742,16586585
0,1981,1551889,790783,761106
663,2035,33829,16068,17761
748,2028,1625581,825564,800017
414,2049,3842069,2139980,1702089
600,2036,8332047,4154423,4177624
148,2001,8179408,3914692,4264716
663,1990,30036,15282,14754
795,1991,3745234,1847590,1897644
208,2037,5716459,2782952,2933507
500,2047,5748,2881,2867
654,1987,6544,3340,3204
894,2015,15066266,7528314,7537952
826,2022,66383871,33073491,33310380
630,2011,3700052,1771197,1928855
862,1994,21636158,10833480,10802678
796,1991,12140,6177,5963
663,1989,27676,14074,13602
584,1991,46853,23963,22890
548,2026,328378,162799,165579
792,2029,86284979,43202249,43082730
234,2020,51628,26783,24845
804,2023,43340045,20101332,23238713
328,1991,770496,385572,384924
756,2023,8564289,4227826,4336463
92,2044,55364,25777,29587
580,2005,70636,32093,38543
554,2046,5172077,2549781,2622296
688,2041,6246480,3037420,3209060
70,1993,3816556,1886699,1929857
275,2001,1991597,1012588,979009
332,1971,4584844,2255455,2329389
364,2048,99791843,50001481,49790362
500,2018,5315,2653,2662
360,1981,153464781,76276190,77188591
562,2003,11901375,5961809,5939566
660,2009,14438,7015,7423
328,2002,781694,394148,387546
520,2042,11212,5032,6180
630,2041,3203025,1526623,1676402
690,2035,102123,53638,48485
558,2006,5338287,2624844,2713443
624,2015,1726170,842863,883307
270,2035,2730456,1346083,1384373
854,2014,18365123,9139414,9225709
64,1969,297570,155024,142546
504,2032,38408341,18756231,19652110
48,2016,1378904,835709,543195
674,2045,35927,17249,18678
144,2014,21866445,10693620,11172825
426,2033,1936384,964733,971651
348,2040,8982645,4301372,4681273
531,2047,151342,74061,77281
586,2010,184404791,94725642,89679149
12,2012,37367226,18915196,18452030
850,2007,107423,50720,56703
120,2007,19152718,9605836,9546882
442,2038,785183,395499,389684
776,2042,91233,45547,45686
124,2006,32656679,16199875,16456804
862,2020,32442058,16165176,16276882
222,2001,5883698,2856985,3026713
332,1988,6458500,3167849,3290651
703,2040,5124352,2479916,2644436
428,2022,1838441,851924,986517
156,2044,1342067960,676037962,666029998
48,2030,1638659,968670,669989
148,1977,4327777,2094920,2232857
704,2027,103749879,52112029,51637850
454,1985,7320634,3620966,3699668
834,2041,98545688,49330738,49214950
795,2042,6419027,3156129,3262898
156,2006,1309395209,674630044,634765165
756,2039,9216696,4532541,4684155
262,1959,106115,53136,52979
520,2021,9828,4579,5249
316,2040,195286,97762,97524
616,2025,37753766,18244822,19508944
140,1991,3174488,1548678,1625810
404,1984,19050801,9483199,9567602
332,2018,10788440,5333035,5455405
478,2045,6127016,2949886,3177130
92,1997,20443,10214,10229
440,2008,3195991,1478940,1717051
643,2039,134867823,62408432,72459391
332,2031,12530276,6160451,6369825
92,2024,40539,19205,21334
266,2038,2621677,1320339,1301338
604,1993,22963040,11563044,11399996
174,2031,975150,469837,505313
450,2021,27596827,13796493,13800334
598,1981,2917159,1593822,1323337
156,2008,1323480266,681747816,641732450
408,2035,26955334,13108803,13846531
450,1995,13532361,6739812,6792549
748,2011,1370424,681980,688444
854,2018,20716669,10315342,10401327
44,1993,257656,125443,132213
858,2050,3495238,1700378,1794860
232,2046,8549836,4209406,4340430
262,2036,1210096,547682,662414
12,2011,36654293,18550978,18103315
404,2015,45925301,22907500,23017801
795,2019,5470233,2709493,2760740
826,2035,69393525,34561996,34831529
702,2045,8350833,4030355,4320478
422,2011,4511987,2249566,2262421
218,2001,12629117,6262156,6366961
410,1990,42869000,21568000,21301000
104,2021,59667350,29629810,30037540
246,2007,5280151,2585686,2694465
92,1993,17686,8979,8707
4,2050,63795418,32039389,31756029
384,2032,30527978,15372334,15155644
768,2025,9741450,4831297,4910153
372,2046,6225513,3082418,3143095
586,1983,96881426,50305763,46575663
414,2014,2742711,1607589,1135122
703,2007,5411226,2626887,2784339
50,2007,141950868,71021543,70929325
876,2017,15714,7979,7735
76,1987,141352474,70344994,71007480
196,2043,1412911,718661,694250
0,2026,2013330,1036386,976944
204,2008,8532547,4265777,4266770
634,2033,2587952,1956669,631283
356,2049,1649150358,846056225,803094133
752,1997,8897619,4396897,4500722
50,2019,161062905,79236389,81826516
56,2023,11921271,5878936,6042335
116,2013,15205539,7363678,7841861
51,2044,2612104,1306887,1305217
788,1987,7727686,3903889,3823797
408,2032,26815214,13048217,13766997
364,2011,77891220,39536502,38354718
694,1994,3977955,1933984,2043971
428,2033,1595748,747911,847837
450,2003,17123055,8533845,8589210
344,2015,7141106,3325622,3815484
807,1997,1984860,993684,991176
762,2005,6814791,3389211,3425580
340,2010,7989415,4017593,3971822
242,2036,988539,498414,490125
12,2002,31523711,15933892,15589819
660,2025,19749,9248,10501
732,2004,399736,198094,201642
578,2042,6201001,3118255,3082746
410,2046,49373851,24504132,24869719
196,2030,1374924,701733,673191
876,2024,15996,8153,7843
728,2020,14558188,7378353,7179835
646,1993,7596681,3748579,3848102
422,2028,5479486,2735214,2744272
368,2015,37056169,18711907,18344262
630,2031,3399278,1617413,1781865
92,1998,21132,10524,10608
826,2007,61249260,30300539,30948721
438,2006,35164,17331,17833
894,2006,11678306,5836031,5842275
702,2010,5140105,2525354,2614751
646,2025,16080729,8024713,8056016
12,2046,54237145,27315733,26921412
470,2014,412655,205464,207191
466,2029,24991674,12145052,12846622
558,2025,6493913,3164983,3328930
598,1991,3783089,2009854,1773235
196,1984,667970,332070,335900
56,2029,12228564,6028383,6200181
158,2042,22252723,10656881,11595842
64,2033,873503,450154,423349
258,2034,318339,161774,156565
688,2047,5995711,2915153,3080558
203,2008,10455429,5122480,5332949
860,1996,23523857,11656384,11867473
826,2021,66077211,32916294,33160917
16,2000,57771,29375,28396
504,2012,32309239,15893168,16416071
4,2042,56524253,28459760,28064493
462,2045,436897,216756,220141
100,2035,6237189,3038646,3198543
242,2008,860535,437294,423241
585,1998,18772,10195,8577
624,2009,1533964,746368,787596
862,2049,39649326,19770272,19879054
796,2024,60241,30275,29966
344,1998,6541288,3230800,3310488
442,2008,490953,243636,247317
275,2027,3252442,1652437,1600005
246,2042,5560104,2734869,2825235
31,1994,7952142,3857819,4094323
508,2015,25303113,12353072,12950041
706,2000,7500558,3755865,3744693
8,2025,3104932,1530064,1574868
180,1988,36669267,18045571,18623696
678,2028,237120,118391,118729
585,1990,15207,8184,7023
258,2023,301619,154102,147517
250,2001,61605930,30056097,31549833
462,1986,184612,94934,89678
470,2049,397138,197188,199950
858,2027,3447116,1671759,1775357
484,2019,127318112,62400945,64917167
275,2039,3796937,1922453,1874484
156,2025,1407006788,719992107,687014681
116,2026,18244825,8911108,9333717
348,2035,9211471,4404841,4806630
32,1985,30671759,15206185,15465574
558,2028,6655548,3244414,3411134
670,2041,96572,48634,47938
500,2037,5798,2900,2898
116,1962,6083619,3050169,3033450
296,1994,75609,37749,37860
710,2001,45483334,22312121,23171213
158,2017,23508428,11653285,11855143
380,2043,62121546,29794876,32326670
458,2028,35855904,18086571,17769333
104,1988,39025324,19381970,19643354
364,2043,98643468,49568837,49074631
434,2037,8273632,4230562,4043070
566,2033,276549240,140720214,135829026
492,2022,31209,15109,16100
840,2030,359402194,177528413,181873781
203,2047,10285771,5101756,5184015
604,2040,36095496,17464168,18631328
705,2039,1748152,843996,904156
566,1992,101782546,52051567,49730979
534,1999,31095,15182,15913
408,2000,22784969,11043593,11741376
663,2019,32427,15576,16851
705,2026,1897695,921715,975980
531,2023,152752,73445,79307
788,2031,12120522,5939381,6181141
780,2026,1177794,596279,581515
694,1978,3208149,1583365,1624784
104,2037,66893545,33091328,33802217
784,2031,7555017,5087760,2467257
600,1979,3101728,1546970,1554758
804,2006,46685257,21552201,25133056
426,2040,1906567,953514,953053
500,2017,5292,2642,2650
558,2041,7122882,3471637,3651245
600,2040,8516983,4238935,4278048
626,2040,1957499,962354,995145
148,2037,16873949,8230124,8643825
417,2002,5013962,2466246,2547716
120,1999,15408304,7724680,7683624
666,1991,6333,3158,3175
840,2045,389394178,192918554,196475624
108,2043,25190382,12563402,12626980
831,2004,62859,30800,32059
504,2007,30594445,15084470,15509975
834,2034,83919138,41995305,41923833
275,2029,3349600,1701078,1648522
340,2045,12468424,6295224,6173200
296,2021,112999,54802,58197
586,1985,102078649,52889769,49188880
792,1987,53239145,26918104,26321041
716,2047,24170434,12355039,11815395
854,1982,6637227,3224889,3412338
156,2038,1374836583,696023993,678812590
308,1994,96750,47941,48809
792,2034,88002769,43952328,44050441
24,2008,16102061,8135316,7966745
184,2002,15147,7816,7331
234,2000,45794,23696,22098
728,2014,11562695,5868332,5694363
242,2000,804933,409005,395928
748,2030,1650799,840341,810458
850,2048,70922,30648,40274
446,1994,392941,189358,203583
212,2042,69417,34816,34601
624,1981,807056,389791,417265
500,2023,5462,2725,2737
434,2023,7206021,3715657,3490364
833,2038,94451,47387,47064
659,2026,55674,27855,27819
50,1983,90163247,46469895,43693352
204,2020,11956340,6018154,5938186
364,2021,87408792,44281006,43127786
434,2046,8796325,4468685,4327640
478,2018,3840429,1849381,1991048
24,2017,20728849,10484423,10244426
188,2019,5043084,2527350,2515734
120,2046,48205370,24057736,24147634
876,2033,16070,8195,7875
20,2011,84825,43846,40979
184,2030,6903,3513,3390
376,2013,7787179,3909750,3877429
654,1994,6890,3504,3386
454,1999,10839431,5348799,5490632
882,2043,235555,117922,117633
180,1995,46704580,23080120,23624460
430,1978,1753463,889075,864388
316,2014,161001,81625,79376
180,1983,31445744,15419734,16026010
798,2029,12152,6052,6100
320,1995,10027820,5036783,4991037
600,2017,6943739,3481548,3462191
438,2047,43497,21807,21690
654,2012,7728,3908,3820
70,1994,3634965,1785356,1849609
458,2048,42427369,21212266,21215103
762,2004,6688433,3326197,3362236
222,2023,6260904,3001149,3259755
296,2025,117779,56887,60892
376,1985,4049057,2016740,2032317
84,2036,474742,240310,234432
438,1992,29714,14742,14972
454,2025,24957849,12358690,12599159
234,2035,55537,28472,27065
630,2048,3034616,1449751,1584865
470,2030,419844,209087,210757
446,2040,641119,295907,345212
894,2027,21273629,10625450,10648179
876,1998,14365,7114,7251
191,2046,3639927,1759779,1880148
508,1980,12102619,5895165,6207454
562,1998,10035645,5013450,5022195
804,1997,50371404,23364492,27006912
31,2019,10128025,5022126,5105899
528,2030,17796706,8764260,9032446
442,1991,387152,189847,197305
258,2019,292789,149800,142989
598,2031,8461622,4279906,4181716
591,2002,3003421,1517826,1485595
408,2022,25896719,12590456,13306263
484,2029,139099572,67968853,71130719
702,1993,3360250,1680920,1679330
784,2029,7406668,5000575,2406093
262,2040,1270314,576330,693984
188,2033,5682842,2832991,2849851
422,2031,5549704,2769600,2780104
784,1998,2898504,1959466,939038
60,2040,72594,34955,37639
654,1990,6681,3404,3277
740,2001,471851,236713,235138
894,2001,10284605,5141702,5142903
586,1981,90975079,47393174,43581905
92,2036,49638,23239,26399
446,2050,620184,281599,338585
566,1990,96684078,49469541,47214537
498,2025,3176863,1559911,1616952
666,2049,3568,1644,1924
136,2000,38436,18799,19637
854,2004,13478093,6694923,6783170
288,2003,20211370,10010408,10200962
807,1994,1935034,968931,966103
356,2026,1409416720,730603375,678813345
40,2020,8859449,4338457,4520992
480,2008,1274189,627810,646379
156,2010,1336680939,688364362,648316577
364,1995,64217268,32717597,31499671
584,2038,95501,48149,47352
626,2005,984203,502826,481377
776,1992,96711,48479,48232
136,2037,80047,38667,41380
862,2005,26383980,13085488,13298492
688,2001,7548376,3682274,3866102
304,1993,55637,29749,25888
682,1998,20329087,11484966,8844121
376,2040,11222241,5638484,5583757
364,1994,63460369,32339314,31121055
583,2004,108126,54355,53771
652,2040,6796,3540,3256
203,2039,10450874,5168881,5281993
348,2038,9075546,4343276,4732270
332,2008,9507769,4692608,4815161
48,2019,1474016,892643,581373
417,2006,5212766,2561734,2651032
710,2025,59108375,29223762,29884613
706,2022,12316148,6200367,6115781
492,1991,30159,14369,15790
60,1992,58696,28442,30254
516,2010,2183015,1066795,1116220
554,2040,5105113,2521162,2583951
834,1983,20301757,9983226,10318531
434,2042,8583973,4374042,4209931
40,2049,9113061,4432174,4680887
440,2022,2668807,1233422,1435385
392,2016,126702133,61451347,65250786
660,2014,16086,7712,8374
642,2006,22150478,10797556,11352922
478,2032,5021918,2418525,2603393
231,1981,37720093,18985042,18735051
262,2016,846687,387603,459084
258,2043,324378,163891,160487
332,2046,14189111,6929148,7259963
499,2017,642550,320014,322536
120,2030,34352206,17194422,17157784
250,2010,64940833,31744879,33195954
270,2021,2213905,1093084,1120821
646,1997,7647419,3777318,3870101
242,2023,948574,480802,467772
56,2008,10692801,5241718,5451083
768,2019,8390953,4161517,4229436
140,1979,2285189,1102920,1182269
600,1988,3963437,1983341,1980096
591,2028,4243414,2127492,2115922
204,1999,6406766,3174389,3232377
788,1997,9193130,4624833,4568297
768,2034,11980207,5941571,6038636
446,1998,421609,202709,218900
144,1994,17708824,8817585,8891239
690,1996,75714,37449,38265
64,2000,605872,320548,285324
674,2016,33285,16118,17167
540,1983,146584,74889,71695
356,2037,1541181144,795395323,745785821
352,1998,273998,137227,136771
756,2040,9247912,4546325,4701587
242,1998,792693,402713,389980
442,2011,520556,259545,261011
344,2040,7032471,3164353,3868118
694,2034,9379703,4588303,4791400
833,2040,94378,47335,47043
52,2024,296649,143202,153447
442,2047,845350,424573,420777
288,1999,18611539,9239629,9371910
204,2036,17316429,8744963,8571466
398,2026,19932595,9434531,10498064
266,2025,2063339,1032680,1030659
388,1989,2336663,1150462,1186201
208,2026,5706931,2794243,2912688
148,1976,4234743,2051950,2182793
8,1991,3181048,1628575,1552473
860,2046,34849440,17192552,17656888
788,1990,8207004,4143467,4063537
226,2036,1158298,581057,577241
729,2016,36729501,18497339,18232162
132,2041,709169,344338,364831
702,1999,3965084,1965118,1999966
620,1994,10027688,4829878,5197810
276,2015,80854408,39723220,41131188
418,2007,6035414,2993156,3042258
804,2037,40089232,18680999,21408233
70,2047,3304049,1596750,1707299
480,2011,1303717,641872,661845
674,2018,33779,16345,17434
558,2050,7233620,3522818,3710802
516,2016,2436469,1189986,1246483
458,2026,35077487,17709876,17367611
0,1995,2028599,1035975,992624
446,2042,638710,293785,344925
64,1994,574720,304755,269965
292,2007,28610,14424,14186
585,2015,21265,11121,10144
729,2034,49165992,24515761,24650231
104,1977,31494391,15687984,15806407
516,1990,1458647,730878,727769
646,2013,12012589,5986198,6026391
504,1999,27741989,13744530,13997459
600,2009,6290878,3157597,3133281
324,2048,25421240,12733689,12687551
660,2020,18090,8555,9535
50,2011,148248955,73619612,74629343
60,2048,70513,33948,36565
258,2037,321066,162865,158201
682,2041,37562893,20027470,17535423
84,2047,530100,268079,262021
795,2010,4940916,2450364,2490552
120,2018,25640965,12855082,12785883
266,2032,2351407,1180850,1170557
136,2049,90334,43510,46824
776,2035,98657,49400,49257
48,2004,848123,500532,347591
800,2041,77229528,38410833,38818695
620,1995,10065543,4850774,5214769
600,2012,6541591,3282405,3259186
704,2047,110977307,55568672,55408635
600,2038,8429414,4199242,4230172
800,2024,49203685,24461407,24742278
840,1996,269394284,131807484,137586800
682,2023,31063032,16764291,14298741
72,2000,1679680,825507,854173
484,2020,128649565,63037537,65612028
410,2031,52762712,26410188,26352524
470,1996,379962,187784,192178
591,2000,2899513,1466364,1433149
840,2049,396540072,196758060,199782012
776,2045,87100,43397,43703
64,1964,244084,125599,118485
887,2000,17235921,8776257,8459664
196,2040,1413025,719394,693631
854,1983,6807281,3298866,3508415
218,2014,15654411,7781035,7873376
446,2013,583003,278040,304963
470,2004,396851,196841,200010
414,2039,3595884,2026555,1569329
0,2021,1945675,1002399,943276
400,2039,10140247,5041553,5098694
470,2048,398619,197930,200689
804,2004,47342447,21880922,25461525
478,2030,4850794,2336143,2514651
68,2021,11805492,5841661,5963831
438,2032,42037,20975,21062
434,2025,7374566,3798271,3576295
784,2028,7326623,4952920,2373703
212,2039,70805,35573,35232
422,1985,3176885,1572968,1603917
246,2032,5639077,2775318,2863759
84,1997,228954,116171,112783
548,2004,212405,107689,104716
120,2011,21381571,10723964,10657607
192,2021,11032315,5482497,5549818
28,1994,67485,32425,35060
558,2001,4952226,2448361,2503865
666,2002,6332,3166,3166
500,2008,5082,2556,2526
360,2004,226403092,113049605,113353487
688,2011,7310555,3564683,3745872
533,2043,144963,68197,76766
887,2037,39529160,19876269,19652891
344,1995,6222544,3115714,3106830
894,1990,7603379,3807551,3795828
270,2049,3180902,1566490,1614412
268,2009,4855888,2317494,2538394
170,1976,24637685,12195119,12442566
410,2004,47849421,24013381,23836040
887,2039,40609413,20407157,20202256
148,2048,19864279,9718793,10145486
266,2010,1545255,767923,777332
300,2005,10668354,5237413,5430941
562,1993,8554483,4252966,4301517
666,2045,3791,1753,2038
484,1998,97132683,47914786,49217897
44,2032,361055,177170,183885
144,2029,24016115,11695960,12320155
528,2047,17939867,8771433,9168434
533,2014,110663,52452,58211
850,2017,102303,47385,54918
626,1995,867485,445862,421623
270,1988,875080,435277,439803
616,1995,38600640,18784554,19816086
233,2036,1068921,511525,557396
400,2005,5362894,2745188,2617706
688,1989,7779554,3823010,3956544
392,2006,127727574,62189194,65538380
116,1963,6253081,3133910,3119171
140,2045,9557572,4758853,4798719
634,1994,494452,324449,170003
92,2008,28176,13671,14505
320,1983,7188649,3615082,3573567
56,2012,11058133,5429438,5628695
156,2030,1403893250,715565937,688327313
585,2018,21516,11162,10354
340,1982,3670043,1826672,1843371
64,2038,901807,463060,438747
646,2011,11370425,5663098,5707327
450,2000,15712415,7823484,7888931
48,2018,1442659,873952,568707
348,2018,9825704,4684488,5141216
124,2015,35099836,17412827,17687009
92,2022,38962,18500,20462
850,2010,106267,49909,56358
826,2000,59139969,29061497,30078472
516,2037,3506002,1728386,1777616
24,2030,29154897,14750811,14404086
242,2017,920938,467464,453474
226,1986,333651,160776,172875
376,1999,5942902,2972191,2970711
624,1982,825767,398681,427086
132,2009,501182,242467,258715
233,2008,1311467,605386,706081
44,2023,344814,169092,175722
584,1989,44642,22840,21802
788,2004,9913681,4969392,4944289
764,2018,68615858,33651765,34964093
398,2000,15687251,7581919,8105332
242,2011,883125,448667,434458
328,1992,767233,384451,382782
174,2048,1153947,553231,600716
620,2039,10485781,5175286,5310495
492,1995,30910,14868,16042
84,1999,241480,122495,118985
578,2046,6286897,3157927,3128970
404,2023,51892711,25881854,26010857
203,2018,10686269,5257837,5428432
850,2025,95902,43616,52286
328,2035,839013,420531,418482
706,2007,9238111,4615366,4622745
204,1989,4561161,2227910,2333251
408,2042,27087450,13144845,13942605
308,2034,115668,58522,57146
174,1990,430431,211470,218961
152,1991,13250594,6505569,6745025
764,2024,69500353,33971322,35529031
233,1991,1559547,728731,830816
540,2011,256275,128472,127803
516,2000,1877985,940871,937114
24,1991,9739724,4895751,4843973
400,1995,4248939,2215621,2033318
96,2012,408786,203879,204907
352,2039,394767,196115,198652
384,2027,28490171,14361952,14128219
663,2010,30235,14534,15701
831,1992,61260,29452,31808
44,2047,371403,182170,189233
52,1998,271294,131065,140229
604,2013,29849303,14712691,15136612
84,2042,505995,256015,249980
36,2011,21766711,10908516,10858195
84,2025,411007,208110,202897
462,2023,390383,200533,189850
834,2009,43094715,21413823,21680892
666,2023,5157,2485,2672
404,2019,49142516,24512032,24630484
795,1997,4200612,2079553,2121059
800,1979,11785110,5834773,5950337
660,1985,6967,3411,3556
440,1989,3681250,1742250,1939000
242,1990,739619,375094,364525
716,2007,11443187,5470316,5972871
710,1990,38503254,18774426,19728828
462,2050,444429,220180,224249
524,2044,33505732,16588688,16917044
76,2024,217022513,106681501,110341012
124,2003,31889309,15811194,16078115
31,1993,7839115,3801859,4037256
96,1983,204951,109182,95769
756,2011,7850100,3863918,3986182
528,2023,17461895,8626532,8835363
840,2001,284968955,139891492,145077463
688,2017,7111024,3466475,3644549
840,2005,295516599,145197078,150319521
659,1995,43132,21330,21802
100,2014,7228183,3531448,3696735
392,2002,127371380,62157320,65214060
706,2038,18010235,8979219,9031016
4,1986,13125920,6712486,6413434
24,2009,16565528,8370965,8194563
678,2036,263292,131397,131895
450,2046,43436844,21648643,21788201
690,2046,101688,53824,47864
748,1984,696337,338818,357519
108,1998,6336587,3126174,3210413
705,1991,1999480,970157,1029323
51,2045,2589352,1297045,1292307
140,2030,7325016,3648610,3676406
320,2023,17051198,8400421,8650777
188,2023,5255273,2630195,2625078
752,2020,10202491,5099417,5103074
380,2040,62318725,29916249,32402476
646,2049,26963627,13422522,13541105
678,1994,124921,61939,62982
480,2041,1456178,708943,747235
894,1988,7194863,3605723,3589140
690,2027,99768,52020,47748
51,2015,3056382,1477293,1579089
40,2045,9128789,4444341,4684448
508,1996,16383412,7847966,8535446
652,2032,6970,3653,3317
288,2000,18981004,9417884,9563120
188,1991,3093015,1562176,1530839
28,2023,101599,47843,53756
834,2046,109527646,54821357,54706289
348,2008,10020481,4772662,5247819
76,1999,171814744,85198080,86616664
408,2025,26242210,12767370,13474840
148,2034,16108506,7848272,8260234
28,2035,113618,53116,60502
70,2000,3805512,1854181,1951331
384,2046,35760442,17947177,17813265
64,2007,673353,353842,319511
234,2011,49267,25686,23581
740,1996,433180,217583,215597
762,2045,11696215,5786680,5909535
0,2017,1895250,976540,918710
226,2013,704001,350216,353785
180,2002,55701642,27625660,28075982
634,2042,2546793,1895828,650965
792,2013,77388641,38966939,38421702
762,2039,11098527,5498543,5599984
458,2007,26895559,13671401,13224158
400,2046,10970934,5433987,5536947
512,1998,2318607,1326705,991902
762,2022,9134221,4541540,4592681
270,2036,2764771,1362896,1401875
232,1998,3717993,1825271,1892722
232,2028,6653744,3276566,3377178
528,2020,17280397,8544509,8735888
434,1985,3660030,1950309,1709721
788,2006,10111973,5062230,5049743
304,2013,57714,30324,27390
372,2008,4517706,2263964,2253742
404,2000,30605901,15233845,15372056
566,1978,70490592,36279549,34211043
320,2006,12454747,6146949,6307798
516,2022,2728072,1337861,1390211
52,2044,289383,138047,151336
831,1993,61201,29427,31774
152,2003,15675163,7704776,7970387
704,1997,76052857,37495577,38557280
705,2021,1943453,945425,998028
96,2025,498756,241960,256796
764,2013,67497151,33195693,34301458
768,1989,3597137,1791018,1806119
28,2047,121508,56457,65051
600,2044,8666545,4305051,4361494
112,2009,9696333,4514973,5181360
834,2004,37382426,18505680,18876746
688,2022,6945952,3384893,3561059
652,2027,7036,3703,3333
499,2011,661807,329668,332139
729,2025,42733103,21397024,21336079
634,1998,578199,379250,198949
826,2049,71086545,35366245,35720300
666,2027,4903,2343,2560
498,2036,2755653,1361983,1393670
196,2042,1413518,719203,694315
188,1987,2799340,1414762,1384578
308,1981,92354,44498,47856
624,1985,885063,427088,457975
440,2002,3453904,1612486,1841418
630,2023,3495310,1664166,1831144
764,2017,68414135,33571548,34842587
76,1991,151944196,75533792,76410404
108,2028,16226400,8092044,8134356
660,2047,26239,11911,14328
132,1997,404001,194130,209871
222,2014,6125512,2949887,3175625
20,2038,81948,41080,40868
417,2031,6470642,3161864,3308778
188,2008,4393241,2208603,2184638
112,2015,9589689,4460681,5129008
108,2046,27346400,13637189,13709211
51,2021,3011222,1467469,1543753
776,2003,102089,51195,50894
705,2033,1821271,881785,939486
132,2027,632699,307753,324946
368,1998,21657963,10947995,10709968
792,2038,88958882,44329381,44629501
422,2041,5680115,2827762,2852353
604,2045,36618448,17663293,18955155
528,2018,17151228,8483994,8667234
646,2041,22860272,11392717,11467555
795,2005,4664155,2313249,2350906
554,1988,3361313,1663618,1697695
348,1995,10280807,4918434,5362373
686,2031,19871354,9630734,10240620
384,2039,33237600,16710951,16526649
384,2023,26800439,13523228,13277211
492,2018,30727,14919,15808
850,2011,105784,49589,56195
690,2042,102368,54029,48339
446,2029,638494,299705,338789
586,2049,288878950,145949310,142929640
478,2033,5107703,2459817,2647886
246,2026,5637506,2777330,2860176
36,2021,24168697,12119448,12049249
850,2030,90869,40810,50059
832,1999,86928,42366,44562
24,2034,32137049,16257254,15879795
180,2045,136284184,67849334,68434850
458,2023,33883918,17129681,16754237
108,2048,28845895,14383647,14462248
268,2028,4916526,2355473,2561053
548,2013,261565,131095,130470
762,1991,5407166,2689739,2717427
324,2013,11176026,5591723,5584303
480,2050,1441100,700225,740875
388,2046,3498196,1741625,1756571
862,2013,29706761,14781812,14924949
558,2039,7076148,3449291,3626857
158,2039,22686210,10902650,11783560
442,1992,392468,192693,199775
428,2045,1348547,640011,708536
104,2048,70219428,34620630,35598798
288,2047,49783543,24452368,25331175
710,2020,56463617,27901628,28561989
740,1994,423065,212655,210410
40,2021,8887740,4352472,4535268
646,1994,6505533,3209206,3296327
788,2048,12230793,5861102,6369691
112,2045,8566119,3997125,4568994
218,2030,18743168,9272452,9470716
670,1999,108118,54371,53747
100,2023,6825109,3324120,3500989
776,2036,97780,48946,48834
500,2019,5342,2666,2676
52,2023,296217,143047,153170
84,2006,287953,145884,142069
136,1989,25072,12234,12838
344,2021,7264562,3364336,3900226
174,2004,606260,295069,311191
226,1984,314637,151385,163252
887,2031,36217557,18243094,17974463
56,1994,10122914,4952235,5170679
446,2016,597425,284248,313177
258,2000,235868,121326,114542
882,2044,236872,118509,118363
780,2032,1137903,574653,563250
740,1988,407914,204869,203045
616,2037,35650560,17169510,18481050
704,2028,104354120,52415936,51938184
831,2000,61949,30141,31808
440,2020,2731464,1261066,1470398
268,2005,4790009,2282437,2507572
484,2027,137045800,67012015,70033785
634,2006,1119914,806428,313486
834,2020,58552845,29226794,29326051
728,2030,18681895,9449320,9232575
478,1996,2270682,1095531,1175151
504,1994,25723174,12789317,12933857
24,1983,7906609,3958302,3948307
796,2036,72246,36057,36189
112,2033,9031377,4199716,4831661
798,2010,10472,5149,5323
52,2025,297015,143320,153695
140,2023,6373617,3170571,3203046
174,2019,833909,403392,430517
520,2041,11119,4997,6122
180,2023,95212629,47521212,47691417
156,2015,1367485388,703439493,664045895
178,2048,9822174,4901382,4920792
430,1995,1900276,948612,951664
316,2005,158398,80744,77654
740,2048,715795,356941,358854
90,1976,199500,103669,95831
682,2012,26534504,14516106,12018398
16,2013,54719,27413,27306
608,1991,62864738,31488187,31376551
600,2027,7758041,3881001,3877040
704,1995,73783390,36312745,37470645
748,1997,1061056,522071,538985
598,1984,3146895,1703649,1443246
108,1986,5008734,2445110,2563624
666,2040,4090,1905,2185
222,1993,5334151,2594502,2739649
752,2046,11789641,5849492,5940149
466,2012,15494466,7554113,7940353
466,1988,8131534,3967376,4164158
332,2019,10928926,5400168,5528758
566,1954,34934189,17959294,16974895
704,2044,110548049,55392973,55155076
170,2006,42046246,20777127,21269119
688,2005,7502197,3659103,3843094
180,2040,127439000,63516445,63922555
784,2026,7155564,4850035,2305529
876,2012,15453,7809,7644
663,2014,31530,15170,16360
678,2038,269939,134687,135252
762,2023,9261319,4604174,4657145
458,2031,36994189,18634996,18359193
670,2036,98049,49610,48439
663,1986,18337,9299,9038
706,2015,10616380,5341934,5274446
226,2046,1353829,679080,674749
148,2018,12301522,5947392,6354130
528,1998,15717093,7770876,7946217
174,2023,882276,426154,456122
795,2027,5896707,2914865,2981842
585,2030,22496,11343,11153
48,2050,1847072,1074636,772436
678,2019,207822,103751,104071
140,2046,9712635,4835504,4877131
703,2045,4996027,2417493,2578534
40,2017,8754413,4284449,4469964
304,2041,52849,26502,26347
250,2004,62678427,30603028,32075399
262,2029,1091082,493158,597924
191,2031,3999121,1933833,2065288
380,2042,62193795,29838524,32355271
600,2003,5728549,2875959,2852590
620,1998,10224828,4939726,5285102
462,2019,392217,209950,182267
710,2000,44913298,22004487,22908811
660,2050,26980,12223,14757
140,1988,2917175,1419532,1497643
516,2009,2152941,1054796,1098145
630,2037,3290006,1566558,1723448
428,2025,1772796,824108,948688
792,2011,75481903,38026715,37455188
48,2026,1592166,950104,642062
120,2049,50978374,25426498,25551876
854,2028,27603409,13753277,13850132
646,2000,8398413,4156549,4241864
51,2026,2946731,1444563,1502168
862,2007,27231194,13519508,13711686
492,2024,31529,15241,16288
876,2044,15800,8034,7766
450,1986,10327391,5153411,5173980
586,2020,213719471,109623841,104095630
246,2046,5518587,2716160,2802427
524,2029,32316049,15927646,16388403
36,1995,17975634,8964900,9010734
740,2012,560157,282066,278091
586,2017,204924861,105191671,99733190
704,2048,111068418,55600937,55467481
180,1997,48288928,23883252,24405676
740,2007,520925,261862,259063
410,2029,52796081,26443114,26352967
203,2013,10609762,5209452,5400310
882,1988,161516,85297,76219
598,2034,8762007,4426128,4335879
524,2036,33206007,16401698,16804309
188,2040,5891329,2927878,2963451
422,1974,2645305,1331937,1313368
231,2050,228066276,112939473,115126803
706,1986,6714927,3269885,3445042
442,2012,533061,266352,266709
292,2020,29581,14829,14752
784,2041,7972950,5295807,2677143
258,2015,282703,144794,137909
840,2006,298379912,146647265,151732647
768,2011,6771993,3358340,3413653
584,2020,77917,39566,38351
51,2025,2961175,1449954,1511221
604,2000,25796957,12911595,12885362
894,2020,17426623,8706249,8720374
292,1984,28231,14227,14004
180,1980,29010855,14191556,14819299
31,2013,9590159,4741723,4848436
566,2048,376787841,191208322,185579519
558,2015,5907881,2884817,3023064
887,1996,15283816,7807380,7476436
56,1991,10004487,4889959,5114528
748,2036,1718284,880820,837464
732,2038,961809,477347,484462
616,2014,38593885,18692363,19901522
144,2039,24875640,12098728,12776912
380,1999,57655529,27850527,29805002
578,2025,5682068,2870405,2811663
598,1994,4103096,2164453,1938643
28,2017,94731,44781,49950
548,2012,256155,128517,127638
528,2022,17403352,8600498,8802854
116,2031,19218489,9404516,9813973
372,2019,5123219,2558929,2564290
180,2020,89249735,44535192,44714543
24,2046,42180459,21314957,20865502
408,2030,26688394,12988904,13699490
703,2000,5400320,2625386,2774934
0,2029,2052946,1055892,997054
833,2011,84655,42117,42538
340,1988,4514984,2253191,2261793
364,2047,99617197,49944171,49673026
348,1998,10200404,4871864,5328540
428,2048,1289125,613815,675310
112,2007,9733327,4535025,5198302
748,1990,881603,431086,450517
704,1990,67258111,32950391,34307720
20,2012,85082,43949,41133
462,1985,177297,90887,86410
760,1986,10867866,5554078,5313788
854,2011,16751455,8332286,8419169
234,2027,53786,27752,26034
458,1984,15197923,7669628,7528295
703,2018,5445040,2642628,2802412
376,2048,12151735,6096826,6054909
376,2015,8049314,4043339,4005975
558,2019,6144442,2995978,3148464
764,2040,68695309,33282218,35413091
826,2041,70280655,34984889,35295766
663,1999,29305,14392,14913
31,2017,9961396,4936900,5024496
24,2038,35297433,17851560,17445873
328,2000,784872,395626,389246
316,2047,200127,99875,100252
540,2046,363293,179401,183892
384,2015,23295302,11783870,11511432
796,2004,24951,12611,12340
798,2031,12298,6134,6164
231,2009,83548430,41561571,41986859
136,1994,31299,15297,16002
422,2021,5266963,2629399,2637564
780,2037,1104454,556115,548339
170,2028,52303594,25845627,26457967
214,1994,7624133,3870627,3753506
446,2026,632847,298160,334687
450,2004,17621089,8786566,8834523
96,2011,401890,200946,200944
662,2048,164085,78345,85740
620,2007,10642836,5172906,5469930
124,2012,34300083,17019048,17281035
28,2013,90156,42737,47419
578,2014,5147792,2589391,2558401
296,1996,77899,38938,38961
84,1989,186433,94477,91956
76,1985,135733183,67570592,68162591
246,2027,5642210,2779307,2862903
112,2024,9358590,4352924,5005666
604,2009,28647373,14182382,14464991
826,2023,66680747,33224773,33455974
266,2007,1456451,723353,733098
704,2002,81257964,40224586,41033378
316,2006,158711,80851,77860
534,2017,42083,20776,21307
662,2008,159585,77992,81593
296,2045,136521,64732,71789
158,2025,23642264,11569763,12072501
388,2028,3209096,1594041,1615055
716,1993,10976373,5422023,5554350
192,2046,10077540,4946506,5131034
404,2006,36316148,18096133,18220015
860,2017,29748859,14801318,14947541
304,2001,57128,30453,26675
4,2033,48382699,24423645,23959054
52,2031,297564,143160,154404
51,2033,2831942,1399603,1432339
232,1997,3613539,1773640,1839899
748,1987,777590,379276,398314
583,1998,107226,54416,52810
84,1995,217167,110202,106965
292,2006,28535,14397,14138
417,2011,5450776,2674413,2776363
320,2004,11939986,5898169,6041817
203,2004,10247111,4990646,5256465
404,2028,55177897,27515801,27662096
492,2045,31214,14981,16233
170,2041,55487524,27382620,28104904
288,2014,25758108,12709751,13048357
8,2048,2859983,1395288,1464695
208,2033,5733065,2796160,2936905
204,2014,10160556,5099855,5060701
184,2029,7032,3583,3449
76,1983,129821262,64636458,65184804
478,2004,2767954,1333371,1434583
604,2006,27749145,13790754,13958391
392,2038,115798285,55693860,60104425
292,1999,26756,13540,13216
528,1997,15622141,7723462,7898679
776,2010,105632,52990,52642
608,2015,100998376,50709677,50288699
752,2043,11622421,5770082,5852339
292,2028,29759,14840,14919
28,2041,118042,54998,63044
768,2047,15672016,7770577,7901439
116,2027,18447355,9013921,9433434
752,2008,9273134,4612800,4660334
222,2010,6052064,2921628,3130436
120,2047,49124149,24511272,24612877
266,1995,1069065,528788,540277
562,2042,37914204,18944732,18969472
192,2043,10245408,5035193,5210215
132,2045,725257,351689,373568
840,2020,334503458,165036419,169467039
410,2001,47180521,23670560,23509961
768,2017,7965055,3950234,4014821
51,1993,3328557,1603124,1725433
50,1995,117374090,59649740,57724350
462,1997,275714,146469,129245
70,2027,3762186,1832723,1929463
232,2000,3884349,1907091,1977258
654,2048,7385,3577,3808
232,1987,2812612,1380695,1431917
804,2008,46155640,21286012,24869628
740,2033,674781,338744,336037
308,2042,115275,58069,57206
833,1994,71692,34652,37040
4,2036,51097396,25772739,25324657
100,2010,7391079,3617940,3773139
533,1991,66304,31911,34393
662,2030,169680,82009,87671
204,2039,18356964,9270646,9086318
585,2020,21685,11193,10492
784,2006,4265914,2926704,1339210
584,2000,53072,27122,25950
44,2025,349116,171238,177878
710,2003,46770284,23036787,23733497
324,2015,11780162,5895105,5885057
340,2017,9038741,4551186,4487555
716,2018,15190641,7633798,7556843
643,2014,142470272,65930591,76539681
92,1994,18383,9292,9091
694,2012,5485998,2662055,2823943
344,2033,7229351,3291013,3938338
710,1991,39327903,19189961,20137942
586,2032,248482724,126794719,121688005
480,2001,1197878,591133,606745
752,2011,9503420,4738120,4765300
356,2024,1382464004,717008360,665455644
858,1992,3111431,1512373,1599058
308,1993,95758,47375,48383
262,2047,1361850,622071,739779
858,2024,3423203,1658733,1764470
462,2015,393253,219044,174209
586,2028,237116591,121247009,115869582
31,2038,11066131,5477318,5588813
191,1997,4424536,2132897,2291639
659,2032,56890,28411,28479
784,2011,5148664,3537329,1611335
858,2005,3264911,1575532,1689379
834,2010,44288197,22019769,22268428
234,1994,44504,23040,21464
512,2026,4048039,2169372,1878667
740,2015,579633,291860,287773
540,2029,320441,159143,161298
404,2032,57987965,28912137,29075828
226,2049,1409834,706885,702949
418,2045,9726369,4805462,4920907
450,2036,37247312,18599335,18647977
112,1989,10184084,4766078,5418006
705,2031,1844208,893764,950444
585,2001,19662,10714,8948
626,2028,1630158,809427,820731
8,2047,2877563,1403991,1473572
702,2043,8231712,3976680,4255032
20,2037,82327,41336,40991
438,2046,43452,21771,21681
764,2008,66140640,32616598,33524042
304,2009,57600,30423,27177
24,2045,41279851,20862603,20417248
598,2036,8953712,4519382,4434330
840,1998,275854104,135129904,140724200
480,2002,1209590,596802,612788
634,2013,2042444,1571650,470794
504,1987,22610591,11285927,11324664
52,2007,282359,136573,145786
834,2025,66904889,33436597,33468292
144,2036,24664693,11998978,12665715
384,1984,9963431,5110484,4852947
798,2041,12914,6487,6427
308,2012,109011,55105,53906
64,2032,867363,447305,420058
762,2001,6339104,3152399,3186705
258,2040,323071,163565,159506
16,2027,53030,26127,26903
156,2046,1329542113,668643597,660898516
232,1980,2568741,1281152,1287589
854,2022,23296556,11604614,11691942
616,2028,37316515,18016590,19299925
792,2022,83026139,41687962,41338177
426,2001,1922344,942085,980259
788,1988,7897828,3989088,3908740
762,2000,6229697,3097917,3131780
732,2033,873709,433749,439960
832,2018,99602,49028,50574
92,2007,27460,13352,14108
478,2025,4425089,2131111,2293978
876,2041,15891,8089,7802
840,1980,227224681,110398730,116825951
196,1998,893734,452379,441355
32,2003,38529402,19003444,19525958
562,1999,10372564,5185311,5187253
860,2022,31090586,15459055,15631531
688,2033,6562213,3193939,3368274
768,2018,8176449,4055112,4121337
458,2030,36618865,18454486,18164379
356,2048,1641517897,842560385,798957512
850,2021,99373,45624,53749
616,1998,38668755,18802109,19866646
740,2025,636782,320311,316471
670,2027,100039,50876,49163
233,2040,1028449,494575,533874
662,2017,164994,80305,84689
834,2021,60154657,30034549,30120108
784,1988,1622747,1085085,537662
60,1997,61450,29719,31731
84,2002,261298,132467,128831
231,2049,223975319,110926562,113048757
120,1980,8755939,4371979,4383960
466,2049,37770289,18311385,19458904
410,1999,46485422,23312924,23172498
666,2050,3516,1619,1897
266,2016,1738541,866249,872292
233,2002,1359260,625858,733402
376,1996,5496620,2746490,2750130
408,2012,24589122,11917311,12671811
540,2045,361314,178475,182839
276,2038,75642382,36624169,39018213
458,2024,34285637,17325333,16960304
414,2034,3452429,1959794,1492635
703,2048,4910804,2376384,2534420
90,2027,771437,393718,377719
776,1993,96947,48595,48352
438,2031,41853,20881,20972
670,2031,99247,50389,48858
630,2044,3132723,1494505,1638218
604,2019,31624207,15509635,16114572
304,1996,56336,30063,26273
524,1993,20278488,10147730,10130758
466,1977,6457634,3155695,3301939
703,2044,5023005,2430555,2592450
716,2017,14868131,7467296,7400835
52,2004,278818,134834,143984
212,1989,70509,35049,35460
840,2027,352281475,173965071,178316404
40,2039,9134218,4455297,4678921
191,2013,4375160,2109815,2265345
760,2046,30398194,15221312,15176882
458,1983,14752622,7437341,7315281
678,2012,183176,91372,91804
356,2045,1617237916,831338830,785899086
832,2028,105451,52074,53377
616,2038,35445638,17068597,18377041
422,1987,3285734,1625927,1659807
882,2006,186252,96093,90159
624,2029,2196869,1079578,1117291
398,2038,21195162,9941334,11253828
724,2021,50329550,24856041,25473509
446,2049,623253,283402,339851
663,2012,30959,14892,16067
208,2006,5450661,2694153,2756508
84,2013,334297,169277,165020
348,1994,10296552,4929656,5366896
780,2022,1200079,608099,591980
583,2027,97375,47431,49944
84,2034,463751,234764,228987
368,2019,41204228,20815683,20388545
12,2023,44768774,22680287,22088487
400,2017,8075131,4074418,4000713
604,1999,25444838,12748819,12696019
36,1991,17202125,8588030,8614095
24,1989,9250352,4645686,4604666
492,1992,30346,14497,15849
520,1999,9874,5044,4830
388,2022,3091573,1533611,1557962
348,2032,9342240,4464435,4877805
108,1990,5508757,2704055,2804702
585,2042,23017,11267,11750
702,2001,4169481,2061872,2107609
586,1990,118816188,61321845,57494343
96,2032,543850,260611,283239
860,2015,29199942,14530274,14669668
729,2019,38562626,19378254,19184372
0,2023,1972056,1015747,956309
462,2039,424795,211021,213774
32,2014,43057443,21276059,21781384
116,1988,8716411,4123738,4592673
702,1995,3566684,1778000,1788684
678,2014,190428,95020,95408
214,2021,11231592,5677957,5553635
586,2046,282701020,143096179,139604841
659,1997,44066,21806,22260
392,2018,126168156,61140350,65027806
531,2029,154459,74514,79945
583,2034,91210,44044,47166
170,2042,55625627,27446921,28178706
296,2015,105711,51625,54086
148,2031,15359323,7474425,7884898
784,2003,3731700,2551333,1180367
862,1992,20741454,10412720,10328734
520,2037,10769,4867,5902
508,2024,31534633,15504951,16029682
360,2001,217197016,108380630,108816386
484,2005,106576363,52350454,54225909
250,2021,68073427,33339914,34733513
231,2043,199611627,98923208,100688419
705,2043,1695625,817447,878178
296,2034,127555,61081,66474
262,2028,1072840,484996,587844
356,2025,1396046308,723872049,672174259
388,2049,3540660,1762836,1777824
270,2024,2331256,1150542,1180714
496,1997,2372034,1181249,1190785
188,2011,4576562,2298833,2277729
222,2039,6332651,3021505,3311146
666,2005,6199,3085,3114
320,2029,18557319,9134523,9422796
262,2031,1126676,509218,617458
678,2024,224167,111928,112239
496,2039,3554238,1704541,1849697
524,1979,14297577,7270566,7027011
426,1979,1323034,642347,680687
798,1989,8963,4296,4667
292,1996,26777,13540,13237
50,2014,153044873,75655887,77388986
410,2002,47437578,23803291,23634287
646,1990,6999318,3449735,3549583
426,2037,1917047,957284,959763
860,2039,34164756,16899672,17265084
624,1989,972389,469341,503048
703,2003,5403962,2624769,2779193
462,2031,404391,201090,203301
608,2036,135297572,67743506,67554066
800,1974,10516738,5247441,5269297
834,2008,41967410,20839938,21127472
234,2007,48489,25251,23238
270,2041,2931859,1444745,1487114
233,2004,1340354,617118,723236
232,2020,6081196,2993644,3087552
788,2041,12288949,5946452,6342497
360,2032,288072904,144227514,143845390
776,2030,102232,51246,50986
512,2028,4178599,2234670,1943929
586,2001,156795444,80535604,76259840
300,1992,10325429,5092988,5232441
660,1994,9541,4791,4750
887,2038,40071469,20142934,19928535
24,1984,8177924,4096492,4081432
24,2020,22484029,11374381,11109648
458,2032,37365110,18813068,18552042
388,2036,3347675,1665216,1682459
516,2024,2828480,1388490,1439990
144,2038,24810892,12068027,12742865
516,2028,3034227,1491995,1542232
44,2039,368272,180714,187558
578,2009,4830658,2411522,2419136
4,2013,31108077,15782020,15326057
262,1958,101139,50648,50491
50,1991,108307424,55344566,52962858
562,2030,28381795,14219077,14162718
706,2004,8536641,4263990,4272651
860,2036,33790021,16733532,17056489
410,2040,51328829,25573354,25755475
531,1997,139073,65902,73171
724,2012,47042984,23217444,23825540
826,2019,65436510,32584988,32851522
40,2011,8475092,4134316,4340776
462,2007,364968,208587,156381
84,2004,274620,139173,135447
756,2042,9308903,4573203,4735700
498,2044,2466537,1225727,1240810
148,1983,4971162,2402899,2568263
616,2041,34813289,16761297,18051992
580,2027,63478,30677,32801
268,2045,4780263,2299973,2480290
36,2035,26931448,13485241,13446207
120,1978,8181889,4084338,4097551
643,2048,130972138,60899612,70072526
466,2046,35873009,17398488,18474521
508,2012,23515934,11447492,12068442
428,2027,1728310,805070,923240
308,2004,103969,52180,51789
234,2005,48307,25101,23206
660,2034,22608,10425,12183
524,2008,25998331,12466783,13531548
584,2023,81130,41151,39979
32,2018,44694198,22108188,22586010
548,2042,401922,197375,204547
882,2030,217496,109813,107683
798,1994,9644,4668,4976
320,2019,15998742,7885998,8112744
250,2025,68860292,33730341,35129951
670,2037,97775,49429,48346
504,2008,30940455,15247444,15693011
50,1985,94584305,48656852,45927453
624,2036,2433528,1197980,1235548
752,1994,8831493,4364063,4467430
498,1989,4359496,2076517,2282979
484,1992,87804312,43379791,44424521
28,2004,80193,38269,41924
840,1997,272646925,133473526,139173399
64,2019,774410,403076,371334
858,2032,3476169,1687740,1788429
792,2012,76381757,38469724,37912033
705,1998,2010807,976941,1033866
598,2042,9488555,4779066,4709489
826,2027,67760902,33767319,33993583
408,2021,25771753,12525912,13245841
858,1990,3085115,1501092,1584023
600,2031,8040819,4017200,4023619
266,2003,1332623,661431,671192
40,2000,8113392,3944644,4168748
524,2005,25254661,12318341,12936320
728,2037,21620691,10923487,10697204
484,2006,107916378,52985489,54930889
500,2049,5722,2868,2854
780,1996,1262458,635297,627161
8,1996,3203599,1625522,1578077
208,2002,5374693,2657215,2717478
112,2043,8649246,4031620,4617626
428,2000,2368427,1090972,1277455
748,2009,1337186,663933,673253
646,1981,5308986,2605824,2703162
732,2049,1155900,573068,582832
705,2000,2010557,977386,1033171
690,2013,90846,46438,44408
840,2013,316427395,155706770,160720625
104,2006,51161672,25439435,25722237
352,2007,311492,158713,152779
140,2034,7899053,3935484,3963569
832,2014,96513,47426,49087
634,2031,2595127,1969832,625295
434,2041,8525608,4347438,4178170
492,1990,29972,14237,15735
732,2050,1173350,581650,591700
670,2034,98562,49947,48615
804,2047,37866243,17763496,20102747
710,2008,50024791,24836176,25188615
740,2016,585824,294963,290861
480,1994,1111297,550474,560823
832,1994,84753,41193,43560
218,2017,16290913,8090437,8200476
417,2034,6586006,3216001,3370005
516,2006,2068919,1021961,1046958
398,2020,19091949,9084551,10007398
528,2012,16730632,8276378,8454254
630,2046,3084174,1472360,1611814
659,2010,49898,24902,24996
458,1982,14308292,7205439,7102853
500,2020,5373,2681,2692
0,2000,1700132,874001,826131
496,2006,2632747,1301816,1330931
408,2046,27059581,13115963,13943618
800,2011,32560222,16170379,16389843
76,2049,232414900,113100580,119314320
562,2029,27612143,13835950,13776193
430,2025,5283774,2629950,2653824
418,2043,9579567,4735443,4844124
430,1982,1971475,1002201,969274
608,1997,71696558,35946586,35749972
192,1996,10962788,5488168,5474620
20,2003,68782,35822,32960
60,1999,62509,30210,32299
430,2010,3685076,1838666,1846410
682,2048,39669108,21069751,18599357
48,1989,488626,281249,207377
616,2023,37997296,18372551,19624745
798,2037,12681,6351,6330
504,2019,34637293,16993618,17643675
144,2040,24934544,12126743,12807801
428,2019,1902424,878700,1023724
68,2018,11306341,5594685,5711656
826,2040,70148376,34922033,35226343
380,2009,60461585,29205016,31256569
28,2042,118680,55267,63413
583,2021,101787,49975,51812
48,2039,1746988,1023756,723232
250,2050,69484481,33977649,35506832
642,1996,22622471,11086500,11535971
204,1986,4157854,2020517,2137337
534,2030,48788,24039,24749
304,2004,57702,30697,27005
16,2005,56953,28813,28140
729,2033,48466466,24176843,24289623
116,2035,19944802,9770649,10174153
600,2047,8760388,4345270,4415118
270,2028,2481265,1224003,1257262
376,2034,10458685,5258662,5200023
266,2021,1912748,955425,957323
674,2023,34843,16831,18012
4,2000,22461349,11436063,11025286
499,2027,633137,314745,318392
266,2002,1300423,645317,655106
292,2035,29518,14672,14846
16,2041,49994,24227,25767
192,1994,10892869,5467786,5425083
540,2006,236513,118968,117545
92,2005,25869,12647,13222
430,1981,1912999,971851,941148
524,2028,32142664,15836579,16306085
40,2014,8615828,4210419,4405409
694,1995,3881436,1885354,1996082
404,1985,19762320,9836920,9925400
533,2039,141360,66538,74822
276,2045,73276328,35265072,38011256
422,2027,5453349,2722300,2731049
512,2037,4713756,2502184,2211572
320,2047,22445254,11019457,11425797
388,2017,2990561,1481720,1508841
678,1989,113383,56199,57184
516,2023,2778016,1363055,1414961
266,2029,2224270,1115383,1108887
203,2001,10250327,4987993,5262334
580,2049,77479,37775,39704
643,2029,138606821,64057640,74549181
222,1997,5636808,2739823,2896985
404,2005,35246309,17557168,17689141
832,2031,106424,52588,53836
192,2019,11086996,5515602,5571394
678,2011,179506,89525,89981
0,2045,2202521,1123321,1079200
51,1995,3130255,1483701,1646554
670,2025,100409,51087,49322
710,1995,42147059,20627750,21519309
308,1986,93554,45602,47952
388,1998,2560432,1262501,1297931
388,2000,2615632,1290634,1324998
446,1996,410395,197409,212986
296,2036,129430,61863,67567
360,1982,156620140,77862193,78757947
840,2037,374401359,185097686,189303673
458,1998,21977233,11185210,10792023
732,2003,383404,189985,193419
417,2023,6123056,2997955,3125101
858,2014,3332972,1609739,1723233
136,2023,65400,31789,33611
388,2018,3010762,1492091,1518671
268,2040,4828322,2319261,2509061
462,1990,216606,112396,104210
422,1991,3518504,1742267,1776237
678,2022,217653,108672,108981
688,1984,7695799,3782564,3913235
214,2036,12789031,6436220,6352811
68,2029,13105599,6485201,6620398
540,1985,152587,77807,74780
470,2032,418404,208280,210124
156,1995,1221055333,628616268,592439065
887,2033,37332489,18793762,18538727
762,1999,6110862,3038410,3072452
586,2038,264271760,134405054,129866706
316,2037,192519,96518,96001
624,2045,2732935,1345984,1386951
12,2036,50494321,25521374,24972947
492,2035,32550,15609,16941
100,2040,6000625,2927179,3073446
64,2018,766397,399203,367194
144,2028,23908499,11645982,12262517
296,1991,72660,36136,36524
426,1980,1358573,660486,698087
484,2016,123166749,60407868,62758881
652,2011,7367,3919,3448
703,2036,5216018,2525253,2690765
108,1995,5799090,2854415,2944675
352,2029,376667,188131,188536
196,1982,645323,320094,325229
663,2032,33603,15988,17615
876,2002,14856,7404,7452
398,2014,17948816,8591649,9357167
398,2009,16863280,8117608,8745672
798,2043,13028,6553,6475
626,2006,999588,508420,491168
96,2042,599513,282983,316530
28,2031,110048,51571,58477
454,1977,5702228,2814477,2887751
52,2029,297677,143372,154305
598,2032,8563273,4329390,4233883
580,2038,71124,34372,36752
104,2041,68251709,33722088,34529621
332,2020,11067777,5466449,5601328
882,1989,162102,85739,76363
438,2012,36713,18184,18529
728,2026,17023119,8616629,8406490
524,2009,26297989,12581350,13716639
68,2016,10969649,5428161,5541488
498,2007,3855442,1861026,1994416
376,2028,9686674,4872050,4814624
630,2035,3329725,1584919,1744806
340,2001,6526981,3275005,3251976
76,2015,204259812,100765897,103493915
266,1987,880916,433238,447678
716,2003,11815518,5806748,6008770
450,1989,11289164,5634026,5655138
705,2030,1855374,899605,955769
234,2026,53500,27627,25873
262,1976,236768,118292,118476
324,1986,5394334,2658928,2735406
90,1978,215085,111329,103756
659,2022,54498,27278,27220
232,1985,2941211,1460834,1480377
276,2024,79435146,38875187,40559959
332,2013,9922183,4890207,5031976
762,2032,10331909,5127542,5204367
340,2004,7029439,3530107,3499332
620,2048,10053984,4972766,5081218
862,2001,24673364,12222367,12450997
170,2012,45239079,22348876,22890203
422,2033,5589879,2788944,2800935
516,2021,2678739,1312953,1365786
663,2050,34601,16363,18238
50,2016,156186882,77009562,79177320
140,2041,8943094,4454614,4488480
32,2004,38945354,19209549,19735805
659,1981,43484,20970,22514
496,2001,2489156,1236402,1252754
528,2021,17342780,8573123,8769657
454,1998,10556999,5209834,5347165
504,1998,27361050,13565632,13795418
16,2008,56046,28251,27795
578,2007,4710952,2343319,2367633
531,1994,142734,67607,75127
276,1999,82074778,40049084,42025694
304,2049,49757,24706,25051
694,2004,4602202,2228924,2373278
0,1986,1717241,875211,842030
540,1986,155578,79261,76317
442,1993,398000,195482,202518
328,1985,762243,379824,382419
320,1990,8965553,4507682,4457871
732,1984,172397,85286,87111
528,2046,17950124,8778531,9171593
508,2008,21439234,10395659,11043575
292,1993,27219,13761,13458
408,2017,25248140,12254864,12993276
887,2002,18309989,9310467,8999522
728,2010,9584299,4869734,4714565
558,2046,7203353,3509439,3693914
268,2019,4927349,2357493,2569856
96,2004,354305,180718,173587
724,2005,43704367,21497137,22207230
24,2044,40390570,20415676,19974894
174,2001,559494,272729,286765
634,2002,703387,465535,237852
288,1995,17321469,8618036,8703433
458,2027,35468491,17899258,17569233
208,2024,5687949,2788311,2899638
800,1971,9952470,5018896,4933574
584,2030,88223,44623,43600
60,2007,66921,32358,34563
776,2038,95849,47945,47904
428,1998,2405422,1107805,1297617
558,2033,6882296,3355383,3526913
558,1984,3114238,1546750,1567488
646,2018,13653385,6810337,6843048
56,1992,10045622,4911742,5133880
246,2047,5507927,2711507,2796420
499,2035,620114,307437,312677
116,2020,16926984,8240844,8686140
124,1999,30820257,15273547,15546710
702,2016,5781728,2830531,2951197
454,2008,14184967,7014637,7170330
388,1987,2325869,1146984,1178885
646,1998,8041839,3974630,4067209
308,2022,113858,57757,56101
398,2016,18360353,8770261,9590092
674,2035,36306,17471,18835
705,2005,2011070,978943,1032127
558,1972,2182919,1087980,1094939
440,2011,3015012,1389112,1625900
203,2006,10300228,5027241,5272987
662,2018,165510,80517,84993
188,1985,2644306,1336375,1307931
756,2037,9152427,4504027,4648400
752,2026,10658009,5320821,5337188
768,2036,12514101,6206313,6307788
807,2019,2110113,1050472,1059641
850,2026,94953,43078,51875
340,1984,3932993,1959311,1973682
466,2027,23750916,11544669,12206247
498,1995,4355074,2081017,2274057
710,2015,53675563,26577575,27097988
807,2001,2023912,1012606,1011306
630,2025,3476473,1654648,1821825
352,2006,303734,153874,149860
364,2026,91148256,46120822,45027434
584,2050,103092,51725,51367
584,2012,68480,34871,33609
484,1989,83105466,41063065,42042401
818,2028,121993893,62308178,59685715
591,2005,3155032,1592434,1562598
56,2030,12267565,6046216,6221349
20,2050,74765,36791,37974
268,1995,5041416,2388697,2652719
384,1994,14379919,7329280,7050639
428,2041,1428752,675203,753549
716,2039,21519537,10974168,10545369
144,2037,24740499,12034739,12705760
654,1992,6782,3452,3330
807,2012,2082370,1038133,1044237
242,2024,952387,482587,469800
752,2032,11027665,5493051,5534614
191,1991,4540641,2185030,2355611
214,2030,12239040,6171937,6067103
352,1994,266075,133446,132629
764,2006,65470877,32317690,33153187
64,2031,861073,444373,416700
124,2008,33212696,16478836,16733860
204,1985,4030484,1955072,2075412
320,1991,9213253,4632872,4580381
178,2008,3910032,1957402,1952630
496,2030,3402798,1644781,1758017
580,2012,51395,24734,26661
662,2012,162178,79125,83053
348,2048,8592109,4124941,4467168
762,2008,7211884,3587165,3624719
446,2044,635403,291264,344139
72,2006,1875778,933943,941835
191,2019,4248989,2049294,2199695
500,2002,4810,2423,2387
266,2005,1395690,692966,702724
626,2003,955968,493855,462113
170,2027,51949026,25671327,26277699
352,2032,382844,190927,191917
262,2050,1395810,640069,755741
204,1990,4705442,2302121,2403321
204,2017,11038805,5549197,5489608
788,2020,11494176,5693022,5801154
384,2000,16884578,8585191,8299387
120,2045,47291489,23606488,23685001
706,2014,10428043,5243882,5184161
662,2046,165557,79161,86396
642,2050,18060354,8729939,9330415
158,2009,23065096,11618081,11447015
8,2022,3089575,1524622,1564953
666,2026,4966,2378,2588
663,2007,28905,13884,15021
170,1978,25575428,12640261,12935167
858,2031,3471726,1685263,1786463
756,2003,7384538,3615960,3768578
104,2027,62724402,31111983,31612419
882,2028,214605,108504,106101
262,1960,111345,55748,55597
659,1993,42063,20762,21301
72,2026,2445179,1271842,1173337
70,2038,3547920,1721189,1826731
116,2007,13718693,6605506,7113187
705,2017,1972126,960076,1012050
578,2002,4539602,2249361,2290241
688,2046,6037861,2935577,3102284
308,2020,113094,57355,55739
218,2008,14354469,7143978,7210491
704,2005,84424930,41899101,42525829
850,2042,77389,33782,43607
268,2049,4729313,2279440,2449873
140,2040,8791304,4379320,4411984
524,2037,33284890,16445327,16839563
566,2003,133977275,68377528,65599747
417,2040,6802811,3318732,3484079
796,2030,66397,33265,33132
404,1989,22638926,11269015,11369911
764,2033,69623678,33858444,35765234
833,1999,75035,36459,38576
388,2041,3425118,1704718,1720400
580,2017,54560,26275,28285
242,2041,1000281,503028,497253
316,2030,184224,92678,91546
144,2027,23797323,11594391,12202932
184,2045,5640,2807,2833
516,1982,1097970,548709,549261
0,2010,1815048,934472,880576
222,2040,6323722,3016810,3306912
304,1995,56185,29976,26209
360,2023,273003345,136662273,136341072
583,2011,106836,53164,53672
533,2037,139460,65668,73792
64,1967,275175,142759,132416
250,2006,63456871,30994033,32462838
192,2037,10536801,5192130,5344671
440,2049,1830109,864110,965999
292,2034,29570,14702,14868
188,2029,5530660,2761761,2768899
800,1989,15985653,7894423,8091230
192,2024,10959519,5437313,5522206
832,2020,101073,49791,51282
84,2016,353858,179176,174682
646,2012,11689696,5823768,5865928
580,2044,75032,36366,38666
833,2003,77958,38220,39738
233,2024,1192720,562365,630355
624,2026,2095109,1028440,1066669
234,2040,56171,28695,27476
184,2022,8159,4188,3971
710,2010,51122965,25392409,25730556
480,2046,1450567,705266,745301
414,2033,3422520,1945784,1476736
600,1980,3171603,1582133,1589470
705,2047,1640111,789946,850165
624,2007,1472780,715670,757110
440,2032,2347680,1091252,1256428
554,2049,5193479,2558551,2634928
212,2000,70818,35596,35222
90,2044,961001,489040,471961
620,2035,10615426,5232226,5383200
705,2029,1866322,905332,960990
674,2004,29212,14165,15047
222,2022,6246396,2995486,3250910
634,2027,2584286,1976309,607977
92,2012,31148,15000,16148
690,2024,98332,51092,47240
332,1975,4962897,2439852,2523045
304,2046,50944,25375,25569
231,2006,76535275,38095320,38439955
642,2019,21381356,10398932,10982424
860,2045,34767559,17158430,17609129
584,2025,83203,42169,41034
120,1991,12341588,6181274,6160314
492,2036,32519,15587,16932
732,1992,234398,115969,118429
540,1993,182460,92463,89997
64,2044,930177,475391,454786
226,1994,414443,202119,212324
608,2040,141427002,70763025,70663977
132,2044,721456,349967,371489
682,2006,24073195,13344139,10729056
624,1986,905930,437149,468781
400,1996,4353087,2264855,2088232
706,1993,6101016,3081357,3019659
226,2025,935553,468167,467386
646,2031,18386237,9172996,9213241
180,2025,99162003,49495177,49666826
52,2028,297625,143417,154208
270,2023,2292620,1131627,1160993
626,2008,1038161,524650,513511
388,1985,2318176,1145136,1173040
292,1987,29528,14874,14654
368,2041,66314712,33464956,32849756
112,2001,9999484,4682548,5316936
826,1991,57573614,28089705,29483909
204,2044,20082273,10138694,9943579
678,1988,110939,55006,55933
108,2019,12232823,6093135,6139688
324,1957,2876325,1371080,1505245
498,2012,3656843,1773515,1883328
218,1995,11265611,5581118,5684493
268,2033,4883347,2341839,2541508
500,2026,5564,2777,2787
520,2009,9213,4438,4775
659,2046,56964,28221,28743
578,2018,5372191,2711524,2660667
266,2019,1841324,918835,922489
275,2044,3996023,2019358,1976665
458,2041,40437386,20275409,20161977
170,2026,51579206,25489204,26090002
796,1993,13485,6853,6632
500,2003,4491,2274,2217
800,2042,79010942,39295806,39715136
262,2009,724622,336843,387779
800,2008,29598626,14693971,14904655
724,2043,53409381,26262286,27147095
191,2030,4020867,1943931,2076936
496,2005,2602416,1288041,1314375
580,2021,58624,28261,30363
752,2002,8977439,4445340,4532099
800,2027,53743332,26723327,27020005
524,2016,29033914,14130281,14903633
120,2043,45476703,22709678,22767025
788,2028,12005296,5902162,6103134
764,1998,61844958,30619770,31225188
116,1964,6426174,3219652,3206522
360,2024,274900326,137619352,137280974
643,2012,142517670,65972089,76545581
296,2038,131188,62588,68600
756,2036,9119097,4489143,4629954
670,2046,94897,47528,47369
76,2004,183827544,91033142,92794402
64,1983,494890,260905,233985
694,2050,13593862,6674083,6919779
585,2012,21032,11094,9938
296,2039,132024,62930,69094
478,1982,1611888,787277,824611
104,2017,57457664,28548412,28909252
64,1978,415435,218647,196788
616,2009,38587546,18700689,19886857
654,2015,7795,3935,3860
233,2042,1008142,485971,522171
756,2029,8851213,4366122,4485091
748,2008,1319101,654283,664818
798,1997,9917,4829,5088
690,2047,101422,53726,47696
104,2045,69444463,34269550,35174913
348,2000,10147425,4842017,5305408
50,2042,188778468,91432315,97346153
234,2019,51319,26641,24678
524,2006,25484399,12342354,13142045
212,2001,71208,35801,35407
233,2020,1228624,576410,652214
834,1995,29064552,14314729,14749823
642,2038,19540348,9471307,10069041
348,2022,9713107,4633764,5079343
796,2006,30583,15467,15116
266,2022,1949404,974219,975185
533,2034,136456,64296,72160
148,1972,3886643,1893724,1992919
728,2044,24492387,12362419,12129968
728,2036,21202066,10713589,10488477
372,2035,5832373,2899386,2932987
352,1997,271190,135857,135333
854,2044,41480312,20638261,20842051
682,2011,26131703,14323899,11807804
458,2010,28274729,14360807,13913922
380,1996,57406046,27762045,29644001
324,2028,16413812,8220899,8192913
300,2044,10249688,4932300,5317388
388,2034,3314890,1648415,1666475
231,2027,138267299,68614995,69652304
796,2029,65396,32782,32614
470,2044,404342,200824,203518
52,1980,251966,119296,132670
604,2028,34008137,16582687,17425450
44,2020,337721,165549,172172
231,2011,88588758,44051171,44537587
548,2005,217849,110272,107577
398,2019,18923073,9012577,9910496
833,2007,81347,40206,41141
76,2002,179204829,88794220,90410609
120,1996,14214250,7125645,7088605
724,2019,49683254,24535360,25147894
408,2050,26969396,13062562,13906834
470,2008,403532,200532,203000
352,2021,354167,177363,176804
624,2032,2298455,1130511,1167944
604,1986,19798248,9969220,9829028
352,2041,397567,197296,200271
748,1977,551407,267228,284179
184,1999,16859,8688,8171
659,1992,41543,20474,21069
818,2003,69734297,35635745,34098552
882,1995,168887,88685,80202
258,1992,206825,107153,99672
600,2042,8595684,4274015,4321669
76,2025,218259140,107245253,111013887
292,1990,29110,14684,14426
218,1990,10318036,5135985,5182051
212,1992,70278,34970,35308
148,2009,10329208,4958620,5370588
316,2041,196107,98126,97981
686,1984,6213697,3070276,3143421
710,2030,61495606,30446495,31049111
392,2032,119587464,57619213,61968251
191,2045,3665062,1771820,1893242
250,2036,70099243,34282874,35816369
20,2033,83554,42211,41343
659,2033,57021,28464,28557
70,2028,3748022,1825489,1922533
826,2026,67508295,33641593,33866702
352,2042,398864,197839,201025
90,2001,445906,227484,218422
860,2034,33508899,16606630,16902269
686,2015,13975834,6759408,7216426
140,1995,3544408,1734514,1809894
470,2006,400214,198708,201506
454,1981,6458082,3192541,3265541
70,1995,3546649,1730868,1815781
558,1975,2394739,1194199,1200540
480,2023,1400077,686603,713474
324,2009,10057975,5030089,5027886
434,2008,5894108,3059311,2834797
642,2031,20287420,9847750,10439670
454,2041,40717163,20162932,20554231
218,2009,14573101,7251662,7321439
784,1989,1722063,1147148,574915
360,1984,162939884,81034466,81905418
36,2023,24618891,12343927,12274964
92,2018,35802,17086,18716
604,2044,36529048,17630603,18898445
156,2020,1394015977,715630046,678385931
554,2031,4937368,2446497,2490871
508,2023,30778133,15122835,15655298
470,2033,417538,207802,209736
548,2041,397740,195423,202317
64,1988,582886,307373,275513
300,2026,10654081,5177427,5476654
833,1996,72936,35301,37635
368,2016,38146025,19264976,18881049
400,2035,9637623,4802328,4835295
662,2007,158875,77672,81203
566,2023,220022477,112099027,107923450
108,2030,17245628,8601248,8644380
591,2004,3104177,1567395,1536782
40,2042,9134609,4451257,4683352
674,2046,35805,17189,18616
512,2044,5093961,2690860,2403101
60,2044,71671,34497,37174
768,1994,3981991,1959806,2022185
270,2040,2899155,1428734,1470421
340,2006,7355157,3695478,3659679
428,2001,2350481,1082259,1268222
184,2018,9038,4656,4382
116,2001,12539614,6047842,6491772
646,1979,4976288,2440054,2536234
192,1993,10849789,5453671,5396118
706,2028,14322984,7186101,7136883
344,1997,6492649,3213739,3278910
792,1993,59436968,30029479,29407489
188,2038,5838957,2904417,2934540
250,2030,69603210,34078658,35524552
380,2034,62558012,30081197,32476815
646,2036,20525016,10235175,10289841
531,2005,136029,64624,71405
663,2001,27782,13488,14294
500,2021,5404,2696,2708
584,2014,70983,36122,34861
704,2019,97894734,49092779,48801955
858,2001,3231191,1562829,1668362
498,2039,2644716,1309440,1335276
152,2021,18311746,8999465,9312281
434,1998,4798780,2475161,2323619
724,2011,46754784,23072851,23681933
148,1988,5556341,2675844,2880497
686,1993,7961004,3881870,4079134
780,2005,1236690,625189,611501
600,1987,3849890,1925677,1924213
266,1974,597135,290405,306730
760,2010,21765977,11052145,10713832
729,2010,32996691,16703146,16293545
116,1996,11484578,5548573,5936005
64,2012,716896,375156,341740
20,2023,85370,43693,41677
804,2046,38097185,17858283,20238902
442,2049,857988,430639,427349
776,2012,106146,53250,52896
96,2009,388190,195121,193069
108,1979,4119789,2001374,2118415
706,1992,6116213,3097960,3018253
795,1998,4262264,2110936,2151328
148,2017,12075985,5834534,6241451
834,2039,94271816,47189892,47081924
554,2047,5180056,2553091,2626965
882,2019,202541,103105,99436
710,2024,58596072,28963124,29632948
92,2002,23857,11749,12108
300,2010,10749943,5263431,5486512
834,2032,79939981,39995872,39944109
116,2011,14701717,7106658,7595059
332,2009,9651771,4763155,4888616
60,2023,72472,35028,37444
48,2005,915966,545829,370137
300,2004,10647529,5230181,5417348
492,2047,30698,14763,15935
324,1997,7791058,3875289,3915769
894,1993,8252521,4128837,4123684
756,2032,8974503,4423539,4550964
344,2050,6623263,2955987,3667276
308,1983,92526,44775,47751
352,2017,339747,170242,169505
204,2015,10448647,5247299,5201348
578,2026,5722238,2890355,2831883
554,1995,3642182,1806233,1835949
578,1994,4336638,2144306,2192332
752,2019,10121794,5059123,5062671
51,1999,3104064,1464613,1639451
48,2020,1505003,911044,593959
156,2004,1295385090,667516976,627868114
796,2019,54819,27610,27209
670,2043,95919,48202,47717
360,2018,262787403,131500345,131287058
840,2050,398328349,197726883,200601466
706,2040,18768484,9345825,9422659
634,2021,2476556,1910605,565951
404,2018,48397527,24140664,24256863
624,2000,1278859,619128,659731
600,2018,7025763,3522048,3503715
356,2034,1508252196,779547836,728704360
90,1981,238737,122977,115760
70,2023,3808983,1856233,1952750
174,1997,505845,247196,258649
178,2031,6828175,3418955,3409220
804,1990,51622275,23872203,27750072
585,2026,22183,11291,10892
663,1995,32712,16438,16274
598,2038,9138950,4609426,4529524
52,2015,290604,140576,150028
44,2050,371219,182034,189185
499,2041,606518,299560,306958
642,2018,21457116,10437194,11019922
788,2033,12177860,5953604,6224256
308,2005,104592,52531,52061
659,2007,48657,24246,24411
454,2023,23387841,11579736,11808105
504,2021,35270322,17292245,17978077
729,2044,55680589,27667841,28012748
92,2039,51804,24196,27608
328,2048,875101,436465,438636
434,1999,4912162,2535696,2376466
48,2022,1540954,928978,611976
462,2021,391506,205336,186170
450,2031,34059435,17018538,17040897
703,1991,5281610,2577022,2704588
620,2018,10842647,5301251,5541396
688,1994,7700799,3767579,3933220
674,2036,36338,17481,18857
643,2038,135232566,62557057,72675509
462,2026,388810,193928,194882
458,2012,29179952,14811711,14368241
380,2037,62461731,30010769,32450962
630,2013,3645648,1743461,1902187
50,2039,186492237,90503403,95988834
352,2024,363685,181995,181690
72,2039,2673572,1425478,1248094
422,2029,5504234,2747394,2756840
231,2000,64365225,32129907,32235318
458,2002,24282607,12354987,11927620
528,2037,17964190,8815090,9149100
276,2048,72234493,34682270,37552223
44,2026,351132,172241,178891
670,2014,102918,52282,50636
682,2013,26939583,14710676,12228907
528,2016,17016967,8419363,8597604
340,2039,11841552,5979097,5862455
384,1979,8270975,4252937,4018038
52,2009,284589,137676,146913
894,2040,30338826,15147156,15191670
760,1984,10100847,5167379,4933468
492,2014,30508,14848,15660
392,2043,112347481,53997850,58349631
324,2032,18060662,9047059,9013603
250,2011,65296094,31925929,33370165
380,2036,62498712,30036819,32461893
466,2003,11794333,5779053,6015280
454,2022,22635591,11206505,11429086
152,2047,19726557,9644258,10082299
540,2036,340515,168678,171837
222,2038,6340148,3025583,3314565
4,1984,12768664,6537466,6231198
92,2037,50363,23559,26804
60,2017,70864,34273,36591
192,2001,11178711,5591881,5586830
548,2017,282814,141206,141608
703,2019,5443336,2641753,2801583
548,2043,406035,199292,206743
276,2032,77473091,37698887,39774204
144,2050,25166733,12242540,12924193
356,2002,1040284824,538917190,501367634
332,1978,5270294,2589658,2680636
308,2039,115501,58285,57216
548,2044,410075,201172,208903
32,2021,45862619,22700290,23162329
833,1995,72326,34983,37343
586,2040,269151265,136729171,132422094
76,2005,186020004,92090981,93929023
520,2024,9963,4610,5353
876,2023,15966,8135,7831
548,2036,375811,185151,190660
32,2046,53356869,26449226,26907643
466,2022,20762645,10098706,10663939
90,1980,230768,119049,111719
784,2048,8027499,5279283,2748216
558,2043,7161069,3489733,3671336
242,2034,983287,496247,487040
826,2043,70525294,35101063,35424231
716,2009,11392629,5384407,6008222
308,2010,107818,54425,53393
156,2033,1395677326,709603580,686073746
116,1993,10624234,5109374,5514860
862,2016,30912302,15392405,15519897
398,2012,17522010,8405789,9116221
762,2034,10556558,5236504,5320054
508,2037,43495430,21549012,21946418
524,2045,33491566,16587089,16904477
60,1996,60871,29465,31406
184,2041,5868,2939,2929
120,2036,39314972,19658310,19656662
876,2004,15034,7518,7516
478,2000,2500867,1205403,1295464
124,2047,40840787,20103587,20737200
531,2046,151724,74176,77548
232,2036,7473592,3682102,3791490
566,1981,77157630,39727976,37429654
132,2018,568373,275918,292455
231,1987,43058596,21695004,21363592
670,2045,95242,47755,47487
662,1993,142793,69975,72818
442,2035,763446,384852,378594
807,2049,1999781,988558,1011223
662,2033,169853,81944,87909
132,1995,385425,184904,200521
682,2027,32673318,17580316,15093002
652,1989,4834,2578,2256
716,2011,12084304,5812876,6271428
76,1993,156963840,77974893,78988947
728,2017,13026129,6606215,6419914
231,1998,60764879,30376948,30387931
246,2033,5634333,2772496,2861837
84,2032,452482,229082,223400
64,2046,938225,478697,459528
438,2024,40244,20057,20187
275,2025,3153234,1602606,1550628
51,2005,3084080,1464674,1619406
64,2021,790121,410650,379471
528,2007,16351022,8078972,8272050
768,2002,5277933,2619082,2658851
643,2025,140139049,64787578,75351471
591,1984,2123462,1078115,1045347
604,1995,23863296,12001645,11861651
56,2034,12406644,6107751,6298893
876,1996,14118,6971,7147
170,1997,37619943,18584764,19035179
51,2046,2566094,1286953,1279141
140,2018,5745062,2852769,2892293
795,2029,5985193,2956730,3028463
76,2035,228276400,111705221,116571179
504,2018,34314130,16840967,17473163
92,2026,42105,19903,22202
300,2040,10366356,5000725,5365631
268,2015,4931226,2358168,2573058
324,2006,9345729,4670469,4675260
660,2016,16752,7993,8759
44,2036,365719,179469,186250
834,2015,51045882,25437587,25608295
384,2030,29723572,14973734,14749838
882,2002,179429,93099,86330
608,2035,133728604,66968902,66759702
332,1999,8121292,3998366,4122926
417,2049,7046173,3436244,3609929
360,1999,210746403,105097974,105648429
804,2017,44033874,20391547,23642327
418,2015,6911544,3429784,3481760
688,2039,6328133,3077655,3250478
4,1994,18486041,9433710,9052331
266,1999,1195647,592253,603394
120,2032,35966181,17996284,17969897
748,2013,1403362,700035,703327
554,2002,3898456,1935589,1962867
68,2046,15526172,7678577,7847595
430,1991,1814705,919130,895575
380,2030,62622556,30140096,32482460
710,2042,66190620,32837785,33352835
833,2028,93441,46945,46496
422,2017,6229794,3119969,3109825
690,2034,101946,53504,48442
450,1983,9463017,4722164,4740853
332,1986,6204938,3045234,3159704
860,2035,33652847,16671842,16981005
384,1983,9606456,4930028,4676428
634,2045,2547564,1889149,658415
258,2046,324979,163846,161133
84,2033,458149,231939,226210
16,2021,53706,26649,27057
478,2022,4172274,2009298,2162976
496,2038,3538730,1698465,1840265
466,2031,26249979,12753777,13496202
862,2003,25531016,12647771,12883245
768,2016,7756937,3846983,3909954
203,2017,10674723,5250205,5424518
807,2037,2086132,1034309,1051823
100,2009,7427946,3637305,3790641
104,2011,53999804,26844857,27154947
184,2021,8360,4295,4065
608,2032,128937361,64599886,64337475
652,2034,6934,3628,3306
776,2007,104407,52369,52038
50,2000,128734672,64987170,63747502
498,2003,4040951,1944039,2096912
372,2010,4622917,2307533,2315384
776,1995,97397,48815,48582
454,2014,17377468,8598638,8778830
36,2004,19995075,9998272,9996803
188,2010,4516220,2269129,2247091
360,1985,166069318,82603859,83465459
51,2016,3051250,1477004,1574246
850,2024,96821,44141,52680
268,2029,4910543,2353049,2557494
566,2019,200059309,101975795,98083514
760,2012,21772036,11032353,10739683
320,2003,11725208,5801090,5924118
654,2011,7700,3896,3804
608,2002,79872190,40066468,39805722
566,2020,204909220,104435960,100473260
50,2015,154596024,76309997,78286027
760,1982,9379757,4801966,4577791
0,2040,2168728,1109749,1058979
76,2037,229595148,112256834,117338314
583,2014,105681,52374,53307
414,2006,2316880,1370226,946654
300,2036,10462994,5059118,5403876
48,2027,1604123,954876,649247
430,2041,7159512,3558235,3601277
360,2010,243422739,121700343,121722396
96,1986,224731,119220,105511
478,2024,4340599,2090407,2250192
630,2027,3454395,1643780,1810615
520,2050,11995,5334,6661
422,2050,5621049,2784265,2836784
276,2004,82487209,40368473,42118736
372,2033,5753174,2862178,2890996
752,2005,9082561,4504964,4577597
203,2033,10568441,5218195,5350246
608,2033,130547917,65396784,65151133
44,1995,265181,129164,136017
887,2024,32246071,16276347,15969724
340,2035,11388789,5749160,5639629
308,1995,97743,48517,49226
44,2022,342531,167955,174576
834,2002,35226778,17411429,17815349
422,2043,5681312,2825812,2855500
120,2039,41915627,20947322,20968305
585,2017,21431,11147,10284
104,1992,41791151,20760755,21030396
533,2032,134344,63331,71013
308,2040,115435,58218,57217
608,1987,57337128,28726047,28611081
32,1993,34407178,16998680,17408498
548,2006,223329,112874,110455
404,2038,62545287,31171936,31373351
204,2049,21782794,10989492,10793302
748,2027,1612458,817939,794519
296,2001,86759,43095,43664
591,1999,2847789,1440727,1407062
834,1984,20886728,10269089,10617639
780,2046,1048318,524401,523917
268,2007,4824432,2300016,2524416
752,2035,11189879,5567572,5622307
352,2019,347183,173926,173257
832,2045,107576,53296,54280
231,2001,66230452,33039250,33191202
324,1998,7906607,3933021,3973586
762,2046,11788278,5830949,5957329
620,2032,10690316,5262950,5427366
352,1999,277278,138779,138499
233,2009,1307409,604408,703001
422,2015,6184701,3097837,3086864
328,2005,774833,390883,383950
795,2036,6241715,3075677,3166038
178,2028,6374429,3193298,3181131
250,1992,58954114,28722589,30231525
158,1996,21457706,11036398,10421308
858,2019,3378471,1634397,1744074
70,2002,3826637,1864119,1962518
492,2049,30119,14524,15595
740,2041,702244,351401,350843
876,2042,15861,8071,7790
52,2034,296801,142530,154271
887,2012,24617071,12468706,12148365
776,1997,98046,49139,48907
666,1985,6159,3053,3106
450,2018,25683610,12839244,12844366
422,2001,3894693,1920727,1973966
728,2038,22038018,11132704,10905314
764,2027,69708718,34015428,35693290
484,2032,141868669,69244991,72623678
833,2042,94225,47244,46981
352,2045,402343,199281,203062
524,2035,33115123,16352134,16762989
364,1993,63099661,32164055,30935606
756,2028,8807046,4345238,4461808
20,2041,80614,40218,40396
800,2010,31507228,15646913,15860315
480,2016,1348242,662816,685426
531,2037,154301,74839,79462
858,2048,3499622,1702259,1797363
212,2041,69901,35079,34822
533,2001,90971,43358,47613
500,2031,5711,2852,2859
860,2031,33031081,16386867,16644214
300,2019,10752626,5242042,5510584
203,2041,10413121,5153787,5259334
591,2022,3985388,2002313,1983075
562,2045,40297882,20120278,20177604
558,2027,6603518,3218864,3384654
834,2049,116302087,58200512,58101575
620,1997,10156415,4901511,5254904
666,2011,5888,2901,2987
516,2011,2213988,1079261,1134727
152,2011,16915020,8316374,8598646
31,2035,10973747,5434432,5539315
332,2045,14093422,6885740,7207682
92,2045,56073,26094,29979
398,1996,16236550,7860475,8376075
548,2040,393493,193439,200054
780,2029,1158307,585777,572530
104,2014,55746253,27706737,28039516
288,1997,17927437,8909026,9018411
630,2029,3428698,1631387,1797311
48,2015,1346613,816237,530376
430,1998,2349511,1170020,1179491
203,2043,10373714,5138028,5235686
840,1984,235824902,114670261,121154641
76,1997,166840211,82776434,84063777
140,2029,7184685,3578306,3606379
840,2003,290107933,142428897,147679036
414,2029,3299341,1887618,1411723
20,2022,85476,43793,41683
203,2048,10261385,5091344,5170041
233,2023,1202232,566143,636089
450,2009,20282443,10131473,10150970
12,2030,48148456,24372556,23775900
388,2050,3554571,1769739,1784832
703,2016,5445802,2642915,2802887
156,2014,1361344333,700476674,660867659
174,2021,858404,414924,443480
400,2024,8184311,4105577,4078734
196,2012,1138071,580912,557159
64,1997,574838,305169,269669
776,1987,95347,47804,47543
72,1988,1188941,567963,620978
156,2034,1392138860,707204828,684934032
120,2037,40173852,20084185,20089667
792,1996,62229966,31442139,30787827
20,2028,84623,43052,41571
60,2032,73419,35417,38002
51,2013,3064111,1476424,1587687
400,2048,11194669,5539034,5655635
384,1975,7030905,3621190,3409715
70,2039,3522899,1708182,1814717
60,2034,73355,35368,37987
840,2002,287625193,141230559,146394634
562,2011,15801752,7928360,7873392
108,2041,23818676,11879954,11938722
246,2037,5606703,2757536,2849167
580,2031,66287,32029,34258
578,2045,6266252,3148419,3117833
340,2002,6693687,3359651,3334036
854,2038,35899481,17875875,18023606
364,2006,73184402,37188029,35996373
208,2045,5634629,2736089,2898540
51,1996,3120068,1476137,1643931
296,2018,109367,53219,56148
646,2008,10440771,5194618,5246153
776,2041,92483,46197,46286
626,2018,1321929,661667,660262
300,2032,10545208,5109798,5435410
616,2003,38599320,18740127,19859193
226,1987,342469,165268,177201
72,2025,2425114,1258847,1166267
466,2005,12527225,6129161,6398064
654,2002,7335,3722,3613
292,2011,28956,14581,14375
308,2023,114186,57926,56260
748,2019,1498103,752795,745308
50,2037,184745171,89774727,94970444
832,2042,107560,53253,54307
48,2035,1700285,999774,700511
591,2008,3309679,1669106,1640573
275,2028,3301329,1676933,1624396
328,1983,762158,379220,382938
12,2026,46342439,23472441,22869998
233,2050,923335,449124,474211
332,2016,10485800,5186160,5299640
705,2014,1988292,968207,1020085
144,2018,22576592,11026520,11550072
686,2006,11096111,5370197,5725914
320,1992,9367079,4710985,4656094
524,1971,12154668,6155739,5998929
784,2015,5779760,3962699,1817061
716,2004,11735046,5735514,5999532
831,2048,66790,32617,34173
328,2037,847583,424542,423041
620,2049,9994619,4944226,5050393
598,1998,4567798,2389413,2178385
764,2047,66988918,32363131,34625787
831,2018,66697,33126,33571
686,2034,21038854,10201034,10837820
20,2030,84239,42741,41498
504,2013,32649130,16053794,16595336
320,2042,21462612,10544671,10917941
654,2019,7852,3950,3902
652,2042,6743,3509,3234
332,2027,12014787,5916869,6097918
533,2005,96976,46137,50839
308,2028,115306,58463,56843
152,1985,11952148,5858662,6093486
584,2033,91102,46023,45079
234,2004,48290,25086,23204
591,2024,4074394,2045656,2028738
68,2041,14875685,7358601,7517084
380,2019,62334799,30037419,32297380
0,1992,1932203,986211,945992
674,2011,31817,15434,16383
792,2002,67800721,34240306,33560415
584,2017,74539,37892,36647
663,2034,33755,16041,17714
90,2026,759237,387526,371711
729,2028,44901207,22448517,22452690
296,2040,132834,63260,69574
250,2028,69338899,33958192,35380707
332,2015,10254052,5061111,5192941
788,1991,8361038,4219766,4141272
258,2041,323586,163716,159870
231,1985,40683742,20505697,20178045
72,2041,2708512,1448671,1259841
214,2016,10606865,5368448,5238417
112,2000,10033392,4700420,5332972
31,2020,10205810,5061260,5144550
762,2012,7768385,3864374,3904011
706,2039,18389077,9162468,9226609
608,2000,76451531,38352801,38098730
768,2040,13621766,6755449,6866317
208,2038,5708959,2778197,2930762
32,2048,53755439,26647596,27107843
642,2030,20388581,9898744,10489837
4,1983,12439282,6372274,6067008
604,1982,18161256,9149282,9011974
583,2010,107154,53397,53757
795,2013,5113040,2534980,2578060
450,1987,10636882,5308504,5328378
262,2049,1384848,634177,750671
384,1978,7954372,4091937,3862435
116,1992,10142764,4845886,5296878
626,2010,1087669,547900,539769
558,1995,4401893,2192495,2209398
585,2041,23005,11286,11719
716,1989,9868200,4885215,4982985
484,2026,135957079,66501662,69455417
438,2002,33821,16676,17145
410,2033,52622514,26319007,26303507
831,2045,67165,32859,34306
533,1985,61511,29750,31761
233,2033,1099753,524337,575416
246,2028,5645016,2780276,2864740
531,2025,153501,73885,79616
591,2027,4202435,2107704,2094731
8,2021,3082448,1521728,1560720
862,2038,37811767,18857317,18954450
659,1998,44607,22083,22524
50,2001,130845545,65969370,64876175
376,2045,11818217,5932965,5885252
352,2047,404315,200088,204227
191,2002,4442298,2134603,2307695
364,2013,79853900,40516559,39337341
48,1990,505672,290750,214922
748,2018,1482733,744173,738560
360,2039,295949917,148095782,147854135
332,2041,13689117,6700792,6988325
232,1981,2639252,1315026,1324226
70,2033,3660756,1780196,1880560
214,1999,8325197,4225866,4099331
434,2021,7032131,3630085,3402046
266,1986,859448,421983,437465
414,2048,3820134,2129920,1690214
832,2001,87731,42805,44926
752,2049,11956340,5928588,6027752
634,2020,2444174,1887397,556777
752,2003,9010865,4465168,4545697
380,1997,57492895,27791725,29701170
52,1994,266630,128446,138184
398,2049,22177085,10340334,11836751
832,2007,90452,44291,46161
531,2001,131963,62473,69490
242,2007,852114,433031,419083
324,1968,3506216,1682939,1823277
178,2023,5677797,2845850,2831947
446,2006,499427,238059,261368
184,2032,6665,3384,3281
152,1999,14990469,7368081,7622388
748,2006,1279797,633626,646171
308,2032,115638,58557,57081
44,2028,354842,174091,180751
422,2003,4016050,1986730,2029320
40,1991,7818423,3765953,4052470
208,2015,5581503,2750019,2831484
566,2006,144858470,73922784,70935686
583,2043,82104,39248,42856
372,2029,5590021,2785068,2804953
480,2045,1452280,706253,746027
398,2007,16459828,7929954,8529874
434,2044,8694524,4423793,4270731
28,2022,100466,47339,53127
584,2027,85230,43162,42068
32,2012,42216144,20848458,21367686
148,1997,7261713,3467785,3793928
558,2034,6920546,3374015,3546531
430,2032,6096779,3032528,3064251
458,2044,41335129,20698807,20636322
591,1987,2256735,1145604,1111131
729,2015,36108853,18198904,17909949
398,2036,20988525,9857841,11130684
860,2047,34925522,17223942,17701580
854,2047,44412509,22086954,22325555
784,2000,3219297,2188378,1030919
36,2033,26595084,13320051,13275033
795,2033,6140472,3029183,3111289
504,2038,39836171,19405588,20430583
8,1995,3158154,1602746,1555408
72,1995,1477591,717811,759780
422,1982,3009269,1491732,1517537
250,1999,60935252,29716670,31218582
784,2042,7992301,5301313,2690988
528,1995,15476372,7653565,7822807
204,1979,3354798,1608247,1746551
68,2013,10461053,5176781,5284272
24,2012,18056072,9127939,8928133
498,2014,3583288,1741447,1841841
776,2040,93669,46813,46856
591,2011,3460462,1743928,1716534
882,2010,192001,98583,93418
132,2035,680429,330854,349575
196,1989,726864,363603,363261
804,2041,39208806,18314856,20893950
626,2037,1881463,927330,954133
591,1990,2393441,1214749,1178692
348,2028,9505094,4538961,4966133
462,2002,311855,168920,142935
170,2032,53562613,26461034,27101579
566,2016,186053386,94868376,91185010
499,2042,603840,298000,305840
191,2010,4417475,2128269,2289206
882,2005,184491,95312,89179
798,2019,11244,5563,5681
136,2015,56092,27353,28739
591,2010,3410676,1719234,1691442
740,2032,670513,336709,333804
262,1975,226569,113237,113332
44,2018,332634,163004,169630
798,2038,12740,6385,6355
540,1992,177763,90144,87619
512,2024,3913103,2101960,1811143
876,2038,15974,8138,7836
400,2034,9509562,4741205,4768357
180,2018,85281024,42544333,42736691
788,1998,9304137,4678306,4625831
652,2015,7237,3841,3396
148,2010,10543464,5066184,5477280
112,2010,9680068,4506366,5173702
678,2031,246843,123232,123611
242,2027,962754,487337,475417
316,2013,160378,81354,79024
548,2038,384784,189362,195422
148,2025,13914726,6753419,7161307
422,1990,3451187,1707614,1743573
716,1987,9216479,4566015,4650464
678,2007,164749,82088,82661
740,2006,511895,257144,254751
270,2019,2133640,1053782,1079858
90,2002,458223,233800,224423
188,2001,3956208,1992763,1963445
600,1978,3037492,1514672,1522820
831,2014,65849,32649,33200
344,2013,7082316,3301969,3780347
674,2015,33020,15995,17025
499,2006,691871,344575,347296
466,2018,18523478,9015928,9507550
242,1994,765923,388796,377127
262,1987,409458,201453,208005
496,2049,3664348,1745073,1919275
858,2036,3488064,1694556,1793508
384,2012,21952093,11117615,10834478
320,2011,13824463,6820021,7004442
16,2023,53541,26505,27036
222,2035,6353057,3033612,3319445
670,1994,108691,54418,54273
608,1982,50724769,25454092,25270677
860,2023,31343483,15582024,15761459
108,2009,8831095,4385881,4445214
270,2003,1468917,728315,740602
380,2035,62530696,30060253,32470443
32,1999,36923439,18217525,18705914
188,2013,4695942,2357516,2338426
499,2036,618116,306291,311825
832,2038,107448,53157,54291
840,1991,252980941,123416235,129564706
504,2003,29197060,14427611,14769449
275,2046,4071177,2055664,2015513
226,2000,491483,241640,249843
480,2005,1242821,612778,630043
654,1999,7175,3643,3532
748,2007,1299910,644150,655760
144,2024,23439543,11428449,12011094
756,1996,7188778,3531918,3656860
520,1993,9823,5019,4804
104,2001,48081055,23907069,24173986
540,2017,279070,139380,139690
100,2026,6679018,3251557,3427461
584,1992,47678,24380,23298
600,2008,6203197,3113822,3089375
462,2036,417814,207650,210164
31,2001,8532310,4163805,4368505
288,1988,14850715,7429199,7421516
104,2007,51755836,25734204,26021632
31,1995,8050585,3907400,4143185
784,1987,1530444,1028964,501480
850,2014,104170,48548,55622
384,2049,36780925,18442920,18338005
144,2007,20507595,10065598,10441997
4,1991,13671918,6973080,6698838
418,2050,10068995,4967825,5101170
652,2004,7557,4037,3520
478,2039,5621435,2706955,2914480
531,2000,133956,63440,70516
788,2012,10732900,5349943,5382957
678,2008,168415,83937,84478
858,1994,3137031,1523405,1613626
705,2038,1760799,850469,910330
76,1972,99800740,49696955,50103785
450,2040,39758798,19839958,19918840
686,2040,23389975,11350369,12039606
112,2011,9661508,4496449,5165059
702,2039,7965739,3855687,4110052
798,2040,12856,6453,6403
84,1990,190865,96770,94095
703,2023,5424134,2631659,2792475
705,2007,2009245,978343,1030902
120,2031,35153954,17592821,17561133
64,2042,921408,471673,449735
170,2024,50796833,25103076,25693757
642,1999,22476289,10991882,11484407
540,2019,286401,142886,143515
116,2038,20469095,10033488,10435607
438,2050,43610,21910,21700
663,2023,32872,15747,17125
858,2042,3502894,1702974,1799920
348,2009,10007168,4766058,5241110
178,1985,1926206,938035,988171
788,2050,12180271,5820482,6359789
156,2039,1369861135,692914230,676946905
196,1994,829209,417618,411591
887,2023,31662700,15986746,15675954
372,2048,6282949,3108667,3174282
288,2035,39871210,19602570,20268640
40,1998,8078621,3922440,4156181
192,2013,11250491,5612971,5637520
4,1997,20769357,10587688,10181669
524,2019,30032493,14697238,15335255
882,2017,200108,102041,98067
600,2016,6862812,3441557,3421255
666,2025,5030,2414,2616
204,2043,19738570,9966147,9772423
60,2025,72851,35199,37652
40,2013,8562634,4181502,4381132
304,2002,57363,30565,26798
242,2050,1013636,507160,506476
832,2017,98840,48633,50207
120,2027,32010922,16030138,15980784
140,1983,2543280,1232028,1311252
50,2045,190685388,92177870,98507518
882,2047,240872,120300,120572
188,2039,5865853,2916504,2949349
64,1955,186282,95114,91168
356,2011,1189172906,617039156,572133750
196,1996,864299,436440,427859
554,2023,4713852,2342359,2371493
8,2043,2945632,1438551,1507081
705,2037,1773262,856877,916385
50,2044,190090388,91948824,98141564
484,2038,146337755,71268900,75068855
626,2039,1932593,950917,981676
308,2036,115634,58447,57187
4,2035,50194749,25324534,24870215
348,2010,9992339,4759156,5233183
500,2007,4512,2274,2238
694,2036,9845445,4818929,5026516
652,2021,7106,3757,3349
398,2017,18556698,8855168,9701530
428,2018,1923559,887491,1036068
591,2039,4625374,2309424,2315950
96,1989,245853,129988,115865
496,2007,2666190,1317110,1349080
292,1989,30418,15335,15083
666,1987,6249,3105,3144
418,2049,10003338,4936843,5066495
226,1998,464060,227583,236477
659,1983,43230,20944,22286
752,2014,9723809,4855488,4868321
776,1996,97598,48913,48685
634,2001,671438,443642,227796
180,2003,57303278,28438068,28865210
218,2004,13368398,6647525,6720873
296,2030,123447,59339,64108
288,2012,24652402,12169901,12482501
480,2036,1453276,708830,744446
504,2049,41880296,20324106,21556190
498,2019,3401197,1661207,1739990
586,2039,266736415,135580889,131155526
344,2005,6904226,3328006,3576220
426,2042,1903041,952477,950564
795,2018,5411012,2680672,2730340
242,2013,896758,455486,441272
492,2000,31856,15530,16326
192,1984,9983215,5038339,4944876
604,2036,35536184,17237609,18298575
144,1996,18150801,9026620,9124181
20,2020,85635,43960,41675
654,2001,7283,3696,3587
690,2011,89188,45430,43758
24,1979,6848826,3419526,3429300
583,2038,87293,41959,45334
8,2032,3090867,1517603,1573264
232,2037,7587032,3738070,3848962
524,1998,22671580,11342755,11328825
56,2031,12304177,6062670,6241507
604,2046,36699943,17692290,19007653
68,2026,12625775,6247818,6377957
706,1976,4238645,2122736,2115909
548,2025,323464,160476,162988
440,2028,2476723,1148531,1328192
591,2035,4502303,2251454,2250849
798,1991,9377,4513,4864
600,2023,7440831,3726261,3714570
52,2045,288281,137437,150844
410,2009,49000481,24556054,24444427
28,2037,115210,53797,61413
728,2035,20783070,10503482,10279588
275,2012,2500407,1271906,1228501
499,2025,635537,316082,319455
454,1995,9808275,4837445,4970830
796,2046,81189,40196,40993
422,2037,5650756,2816986,2833770
674,2047,35668,17123,18545
531,2016,149035,71397,77638
608,1990,61480927,30793035,30687892
324,2050,26407254,13226492,13180762
642,2016,21599736,10509474,11090262
702,2041,8103584,3918586,4184998
84,1992,200824,101876,98948
690,1997,76405,37782,38623
458,1995,20339029,10345763,9993266
454,2024,24161941,11963801,12198140
124,2026,37773183,18698295,19074888
706,2034,16509553,8251636,8257917
384,2007,19746949,10021163,9725786
72,1996,1520912,740717,780195
148,1999,7708743,3684691,4024052
356,2003,1057251124,547838799,509412325
328,2043,865910,432789,433121
862,2044,38961191,19428477,19532714
430,2007,3269937,1631072,1638865
112,2004,9855646,4603385,5252261
398,2027,20050514,9482379,10568135
156,2003,1288741095,664121285,624619810
214,1983,6105818,3101634,3004184
732,1987,193847,95856,97991
296,1992,73625,36664,36961
762,2014,8051512,4005247,4046265
288,1982,11638087,5700979,5937108
862,2014,30111977,14987364,15124613
470,2007,401880,199626,202254
643,2015,142423773,65901817,76521956
28,2034,112772,52752,60020
208,2014,5569077,2745226,2823851
840,2010,309346863,152088043,157258820
48,2009,1144365,693959,450406
266,1984,805260,394682,410578
288,2050,52415526,25744182,26671344
662,2001,154400,75585,78815
643,2002,145529792,67807866,77721926
40,2010,8447901,4120258,4327643
756,2050,9539097,4675083,4864014
504,2042,40672424,19781437,20890987
800,1973,10307149,5157245,5149904
663,2041,34226,16215,18011
492,2026,31879,15387,16492
324,2038,20692503,10366574,10325929
840,1982,231664458,112579409,119085049
512,2048,5301677,2792914,2508763
508,1981,12367521,6026447,6341074
833,2021,90995,45671,45324
422,2013,5149085,2572363,2576722
368,2023,45431845,22955170,22476675
584,2045,100489,50524,49965
442,2050,864238,433638,430600
148,1980,4522391,2193708,2328683
398,2039,21298503,9983291,11315212
108,2021,13041941,6498697,6543244
706,2047,21457592,10642232,10815360
662,1990,137561,67355,70206
833,2008,82201,40705,41496
258,2027,308976,157591,151385
268,2020,4930030,2359060,2570970
478,2037,5450578,2624790,2825788
583,2008,107665,53806,53859
76,1970,94930053,47257646,47672407
64,2050,951873,483923,467950
428,2044,1368460,648768,719692
768,2030,10952195,5431739,5520456
562,2044,39507024,19730567,19776457
404,2034,59481846,29653859,29827987
108,2015,10742276,5345128,5397148
178,1992,2352825,1153165,1199660
652,1991,5273,2828,2445
308,2002,102835,51524,51311
304,1994,55923,29854,26069
152,2010,16759904,8240052,8519852
112,2013,9625888,4478202,5147686
414,1997,1801731,1052146,749585
480,2021,1386538,680474,706064
352,2011,318852,160096,158756
426,1983,1471479,717923,753556
51,2002,3096321,1461993,1634328
528,2011,16653734,8236954,8416780
36,2028,25670760,12865082,12805678
84,2018,366820,185739,181081
604,2024,33024609,16144577,16880032
184,1992,18581,9658,8923
466,2023,21345256,10380574,10964682
834,1992,26240313,12911213,13329100
585,2035,22819,11364,11455
620,2034,10642311,5243510,5398801
834,2042,100710385,50414241,50296144
666,1989,6307,3140,3167
887,2006,20614589,10459557,10155032
784,2030,7483671,5046184,2437487
32,1996,35682983,17619140,18063843
686,2047,26104847,12677468,13427379
450,1975,7603790,3805288,3798502
624,2048,2830352,1393617,1436735
112,2019,9503591,4420581,5083010
584,2044,99874,50235,49639
108,1988,5260596,2575073,2685523
462,2033,410089,203885,206204
384,2028,28905274,14567917,14337357
666,2009,5996,2964,3032
756,2008,7610995,3738227,3872768
31,1997,8223513,3997201,4226312
663,2004,27514,13228,14286
600,2024,7522536,3766264,3756272
643,2033,137054391,63345192,73709199
533,1996,83070,39620,43450
60,2000,63061,30474,32587
56,2044,12674470,6219911,6454559
604,1985,19379177,9759046,9620131
566,2008,152429000,77778916,74650084
566,1964,46678988,24030942,22648046
417,2015,5664939,2777095,2887844
666,2003,6290,3140,3150
364,2005,72282713,36738427,35544286
604,2048,36838430,17738869,19099561
214,1990,7083623,3596890,3486733
740,2003,488131,244892,243239
232,1996,3518610,1726751,1791859
360,2030,285149586,142769933,142379653
860,2013,28661637,14263660,14397977
764,2041,68495754,33169637,35326117
702,2006,4713561,2321840,2391721
470,2017,416338,207419,208919
533,2045,146672,68990,77682
887,2029,35099426,17690263,17409163
262,2011,757074,350264,406810
324,2049,25912931,12979472,12933459
96,1994,280501,147275,133226
450,2011,21420952,10702904,10718048
90,2023,722359,368786,353573
784,2017,6072475,4156662,1915813
826,2015,64088222,31873922,32214300
250,2009,64579931,31560879,33019052
270,2007,1629648,806951,822697
434,2027,7537765,3877904,3659861
604,2030,34444404,16773575,17670829
850,2016,102951,47785,55166
583,1999,107501,54460,53041
152,1983,11567646,5670439,5897207
762,2029,9987178,4959836,5027342
792,2040,89282433,44437310,44845123
643,2027,139387146,64426422,74960724
120,2034,37622109,18818427,18803682
854,1986,7371099,3550313,3820786
682,2002,22274039,12469458,9804581
620,2003,10479955,5082029,5397926
191,2003,4440867,2133717,2307150
800,1986,14271109,7005429,7265680
232,1990,3060332,1501896,1558436
174,2011,721886,350305,371581
404,2008,38540806,19214953,19325853
780,2028,1164985,589391,575594
654,2000,7230,3670,3560
422,2023,5334701,2663279,2671422
174,2015,780971,378375,402596
233,2000,1379671,635343,744328
388,2004,2713001,1340126,1372875
858,2003,3250653,1570354,1680299
64,1957,196179,100128,96051
646,2047,25898338,12895964,13002374
659,1991,41408,20353,21055
20,2029,84437,42900,41537
292,2010,28877,14546,14331
600,2028,7832465,3917045,3915420
703,2004,5405587,2625029,2780558
690,2021,96613,50002,46611
624,2028,2162955,1062548,1100407
732,2036,926459,459864,466595
583,2041,84211,40343,43868
706,2003,8271771,4133834,4137937
688,2031,6635969,3230724,3405245
458,2025,34683300,17518625,17164675
858,2033,3479854,1689821,1790033
304,1992,55490,29718,25772
96,1987,231818,122838,108980
807,2000,2014512,1008099,1006413
292,2040,29212,14512,14700
882,1985,160737,84021,76716
598,2018,7027332,3582426,3444906
566,1955,35954661,18488725,17465936
250,2026,69031230,33812877,35218353
262,2003,690777,324810,365967
204,2000,6619120,3283441,3335679
558,1982,2976076,1482506,1493570
104,2013,55167330,27421338,27745992
40,1997,8069875,3916436,4153439
140,2009,4741916,2342761,2399155
858,2029,3460643,1679158,1781485
40,2004,8263235,4023023,4240212
788,2007,10212857,5109362,5103495
756,1994,7120988,3505454,3615534
324,2041,22072432,11057914,11014518
430,2004,2795940,1392373,1403567
756,1995,7164212,3523298,3640914
762,2019,8740073,4346815,4393258
520,2019,9740,4560,5180
678,2005,157514,78437,79077
580,2039,71813,34715,37098
120,2023,29055280,14558386,14496894
662,2009,160267,78296,81971
90,2036,877032,447081,429951
250,2047,69776689,34106196,35670493
466,1985,7622944,3718814,3904130
262,1952,83476,41817,41659
586,2034,253938740,129438421,124500319
90,2024,734712,375067,359645
192,2010,11261880,5623917,5637963
716,2027,17955810,9083246,8872564
566,1962,44036444,22668158,21368286
860,1993,22127596,10947275,11180321
662,1981,123995,60309,63686
586,2031,245690265,125436930,120253335
50,2034,181766778,88504252,93262526
504,1995,26147598,12991716,13155882
705,2040,1735320,837460,897860
136,2027,69874,33903,35971
540,1989,165120,83890,81230
70,2018,3849891,1876235,1973656
520,2012,9378,4475,4903
384,2034,31320723,15764733,15555990
558,2014,5848641,2857381,2991260
854,2050,47429509,23576012,23853497
304,2043,52099,26050,26049
60,2036,73195,35273,37922
31,2046,11208552,5543471,5665081
64,2041,916765,469666,447099
492,2005,31100,15208,15892
258,2045,324856,163901,160955
626,2027,1600089,795138,804951
860,2009,27606007,13738016,13867991
300,2029,10601336,5144604,5456732
140,2025,6637613,3303557,3334056
16,2015,54343,27158,27185
694,2007,4918325,2384368,2533957
716,2001,11867855,5870459,5997396
76,2050,232304177,113007668,119296509
24,2025,25673282,12989728,12683554
756,2033,9012579,4440995,4571584
466,1983,7308233,3567023,3741210
388,1994,2436435,1199102,1237333
662,2016,164464,80086,84378
660,1988,7820,3871,3949
807,2010,2072086,1033512,1038574
368,2038,62800466,31704220,31096246
308,2050,114205,57253,56952
776,2048,82413,40957,41456
660,2042,24923,11368,13555
417,2010,5410468,2655622,2754846
832,2039,107495,53190,54305
882,2022,206323,104778,101545
454,2028,27479924,13609453,13870471
768,1981,2719567,1355117,1364450
840,2011,311718857,153291772,158427085
56,2017,11491346,5658185,5833161
434,2040,8465290,4319736,4145554
398,2024,19680515,9331223,10349292
832,2015,97294,47831,49463
64,2026,827332,428458,398874
630,2050,2984291,1426740,1557551
266,1980,713827,348550,365277
170,2000,38910346,19234897,19675449
422,1976,2721832,1362151,1359681
540,1998,203244,102636,100608
616,2022,38103286,18428327,19674959
108,2040,23153270,11548341,11604929
858,2010,3301076,1592465,1708611
430,1999,2495395,1242947,1252448
887,1997,15741184,8034066,7707118
616,2040,35027089,16864555,18162534
531,2049,150543,73815,76728
566,2036,295243761,150168692,145075069
508,1998,17219552,8246783,8972769
795,2012,5054828,2506403,2548425
442,2026,690095,348199,341896
300,1996,10479420,5170479,5308941
218,2042,20391140,10053003,10338137
499,2038,613815,303806,310009
422,1997,3735317,1841330,1893987
442,2041,805969,405601,400368
780,2007,1232811,623640,609171
140,2017,5625118,2791939,2833179
292,2037,29402,14608,14794
300,2018,10761523,5248808,5512715
732,2018,619551,307476,312075
422,2040,5676224,2826947,2849277
670,1998,108404,54465,53939
496,2019,3136737,1532280,1604457
520,2026,10054,4633,5421
646,2028,17201030,8583223,8617807
484,2011,115701117,56785465,58915652
807,2038,2080593,1031286,1049307
438,2011,36422,18023,18399
148,2029,14870912,7230695,7640217
670,2028,99851,50764,49087
578,2037,6079484,3061713,3017771
56,2035,12438661,6121561,6317100
222,1998,5711571,2775771,2935800
316,2049,201151,100312,100839
616,2010,38616395,18713416,19902979
670,2018,101844,51802,50042
300,2017,10768477,5254644,5513833
196,2036,1405213,716206,689007
203,2024,10703583,5275346,5428237
586,2011,187342721,96234516,91108205
780,2048,1036023,517437,518586
430,1994,1917525,959509,958016
212,2024,74406,37583,36823
140,2016,5507257,2732117,2775140
184,2003,14602,7539,7063
368,2040,65147874,32880809,32267065
620,2036,10586439,5219815,5366624
136,2035,78138,37776,40362
643,2042,133718600,61954464,71764136
308,2006,105202,52899,52303
566,1965,48067793,24747545,23320248
148,2023,13447258,6520001,6927257
231,1989,46093687,23190104,22903583
624,2031,2264569,1113533,1151036
566,2042,334748059,170092510,164655549
598,2013,6431902,3293464,3138438
258,2044,324655,163916,160739
604,2018,31331228,15376836,15954392
798,2049,13369,6747,6622
136,2005,44340,21681,22659
646,1985,5986589,2944270,3042319
484,2004,105230503,51710817,53519686
583,2040,85250,40886,44364
704,2007,86518851,43012968,43505883
152,2024,18659439,9167364,9492075
756,2048,9483530,4650324,4833206
788,2009,10420551,5206585,5213966
384,2044,35059220,17604948,17454272
262,2010,740528,343405,397123
218,2032,19064913,9426038,9638875
276,1997,82011073,39964901,42046172
388,1991,2357719,1159217,1198502
214,2008,9558183,4846074,4712109
108,1981,4474730,2173746,2300984
12,2010,35949869,18190951,17758918
222,2005,5956221,2884234,3071987
232,2010,5364704,2640997,2723707
422,1978,2800036,1393728,1406308
44,2016,327316,160339,166977
704,1996,74946552,36918324,38028228
686,2021,16099102,7791186,8307916
226,2042,1277088,640769,636319
520,2018,9692,4549,5143
798,2032,12367,6173,6194
340,1991,4933227,2465557,2467670
703,2035,5237516,2536016,2701500
807,2002,2030445,1015459,1014986
32,2001,37739190,18615725,19123465
266,2042,2813984,1419753,1394231
308,2041,115359,58146,57213
426,1988,1644841,804294,840547
426,2013,1936181,955262,980919
60,2035,73287,35326,37961
266,1971,525930,258102,267828
533,2017,115120,54507,60613
8,2023,3095780,1527015,1568765
170,2045,55955930,27598632,28357298
276,2037,75964188,36811621,39152567
56,2038,12528233,6159596,6368637
624,2030,2230730,1096569,1134161
332,2037,13250290,6497675,6752615
116,2008,13957013,6726500,7230513
586,1994,130746253,67364948,63381305
340,2027,10404429,5247399,5157030
470,2021,419807,209220,210587
558,2029,6705483,3268911,3436572
246,1996,5120310,2493789,2626521
192,2048,9956617,4883390,5073227
716,1990,10156044,5025376,5130668
795,1999,4324693,2142608,2182085
784,2012,5314317,3650063,1664254
659,2041,57352,28501,28851
20,2042,80099,39897,40202
90,2032,831264,424011,407253
466,2048,37140652,18008548,19132104
440,2047,1888828,889442,999386
212,2005,72125,36311,35814
96,2036,567318,270111,297207
740,2022,620694,312360,308334
84,2029,435113,220304,214809
234,2006,48322,25128,23194
204,2026,13896629,7008093,6888536
356,1996,937725479,484923562,452801917
328,2023,768604,386938,381666
652,2026,7046,3711,3335
242,2010,875983,445082,430901
226,2032,1077523,540228,537295
562,1989,7602298,3756320,3845978
144,2016,22235000,10866573,11368427
796,2000,19271,9751,9520
203,2040,10432090,5161352,5270738
528,2048,17928979,8764314,9164665
404,1993,25844500,12887218,12957282
887,1998,16224216,8273741,7950475
56,2037,12499498,6147485,6352013
4,2014,31822848,16140369,15682479
64,2006,664205,349345,314860
120,1986,10581537,5293003,5288534
4,2022,38415100,19445674,18969426
262,2024,997975,452010,545965
584,1997,50829,25983,24846
270,2009,1713278,847896,865382
84,2024,404838,204991,199847
124,1991,28117900,13938200,14179700
646,2029,17588338,8776061,8812277
682,2032,34560937,18532585,16028352
0,2020,1932774,995826,936948
492,2033,32546,15625,16921
246,2025,5630882,2774322,2856560
408,1994,21851587,10641822,11209765
242,2045,1007539,505559,501980
694,2047,12721185,6242047,6479138
204,2024,13236354,6671507,6564847
92,2004,25140,12321,12819
422,1998,3764271,1854122,1910149
450,2042,40997521,20450206,20547315
584,2026,84219,42667,41552
233,2005,1331702,613341,718361
231,2005,74354300,37018924,37335376
148,1985,5066042,2459129,2606913
496,2000,2460815,1223243,1237572
100,2047,5673492,2770748,2902744
688,2034,6524567,3175174,3349393
686,2033,20648540,10010330,10638210
60,1993,59241,28683,30558
392,2010,127579145,62031411,65547734
24,2029,28436625,14387688,14048937
682,2033,34918740,18712003,16206737
500,1999,3378,1731,1647
508,2018,27233789,13330739,13903050
392,1999,126512858,61877029,64635829
276,2014,80996685,39802357,41194328
688,2008,7413882,3615651,3798231
534,1996,31766,15584,16182
4,2037,52000306,26220711,25779595
480,2033,1446789,706537,740252
584,2003,56448,28825,27623
634,1999,608957,400571,208386
275,2003,2081290,1058296,1022994
740,2031,666080,334583,331497
562,2021,21816310,10943642,10872668
634,2032,2592425,1963938,628487
688,2009,7379339,3598606,3780733
688,1996,7707798,3767889,3939909
706,2025,13274251,6672666,6601585
270,2031,2589852,1277182,1312670
703,2011,5433281,2635758,2797523
466,2039,31382439,15233877,16148562
51,2030,2883628,1420338,1463290
92,2025,41324,19555,21769
372,2050,6333836,3131626,3202210
44,1982,217129,105403,111726
554,2045,5163202,2546062,2617140
584,2013,69747,35505,34242
70,2012,3879296,1890374,1988922
12,2045,53893778,27153419,26740359
140,1998,3797957,1862382,1935575
826,2039,70009886,34856159,35153727
562,1980,6093469,3112795,2980674
586,2019,210797836,108155170,102642666
328,1981,761931,378512,383419
729,2032,47760430,23834670,23925760
458,2049,42681589,21331598,21349991
466,1997,9924608,4881105,5043503
554,2018,4545627,2261461,2284166
90,2045,970642,493815,476827
858,1995,3150038,1529079,1620959
716,2050,25198196,12883872,12314324
52,2047,285914,136140,149774
31,2037,11037301,5463959,5573342
512,2043,5040793,2664600,2376193
132,2030,651874,317115,334759
732,1981,139089,68781,70308
876,2007,15189,7628,7561
64,2014,733643,383313,350330
662,1988,135495,66274,69221
12,2049,55171092,27752684,27418408
392,2033,118985554,57309015,61676539
156,2002,1282138369,660718985,621419384
340,2019,9325005,4696968,4628037
218,1994,11012554,5454531,5558023
600,2022,7358163,3685707,3672456
316,2039,194415,97373,97042
231,2041,191590547,94966230,96624317
422,2005,4138961,2053563,2085398
148,1970,3727238,1823750,1903488
702,2028,7032257,3421991,3610266
496,2027,3344643,1621317,1723326
604,2017,31036656,15243809,15792847
28,2009,85632,40713,44919
534,2035,50468,24828,25640
242,2020,935974,474793,461181
136,2002,40804,19957,20847
795,2008,4829332,2395269,2434063
90,2020,685097,349817,335280
458,2022,33477720,16931444,16546276
492,2040,32161,15403,16758
258,1984,170274,88589,81685
233,2019,1236641,579447,657194
450,2041,40379034,20145641,20233393
428,2047,1308884,622534,686350
64,2043,925880,473582,452298
504,2006,30247772,14921333,15326439
798,2030,12227,6094,6133
0,1994,1997028,1019669,977359
276,2007,82236860,40281098,41955762
100,1999,7968514,3909666,4058848
214,2006,9295039,4714304,4580735
762,1996,5764362,2864897,2899465
140,2043,9249134,4606247,4642887
462,2014,393595,221373,172222
178,2000,2939099,1451366,1487733
585,2003,19984,10827,9157
48,2028,1615843,959548,656295
348,1997,10229552,4888632,5340920
262,1978,274702,137779,136923
308,2024,114480,58075,56405
558,2042,7143019,3481203,3661816
4,2015,32564342,16512177,16052165
368,2004,26611119,13453986,13157133
428,2050,1249812,596449,653363
16,2016,54194,27051,27143
818,2012,85458032,43650163,41807869
368,2009,29496529,14851069,14645460
116,1987,8403953,3968217,4435736
583,2022,101116,49579,51537
52,1986,258265,123373,134892
72,1987,1152012,549167,602845
762,1990,5272333,2621263,2651070
152,2031,19273822,9457636,9816186
642,2035,19869529,9637103,10232426
732,2034,891258,442441,448817
332,1987,6335271,3108954,3226317
226,2014,722254,359524,362730
620,2011,10760305,5241419,5518886
356,2008,1140566211,591587786,548978425
360,2005,229244745,114518294,114726451
703,2008,5415211,2628820,2786391
408,2024,26133022,12711765,13421257
120,1988,11282275,5646412,5635863
226,1992,392024,190611,201413
728,2042,23683344,11957197,11726147
608,1992,64168154,32148198,32019956
428,1990,2663390,1238435,1424955
348,2015,9897541,4716620,5180921
500,1994,10336,5158,5178
780,1987,1224989,613416,611573
222,2025,6288430,3011923,3276507
156,2045,1335914433,672390709,663523724
798,2014,10782,5315,5467
90,2038,899062,458143,440919
682,2038,36611298,19555806,17055492
732,2029,804144,399260,404884
798,2012,10619,5228,5391
52,1990,262264,125867,136397
398,2028,20163558,9527954,10635604
600,1991,4322340,2165613,2156727
516,2048,4061139,2005178,2055961
36,2019,23705630,11887674,11817956
64,2001,615980,325551,290429
894,2035,26545477,13255102,13290375
818,2023,111035183,56727763,54307420
642,2037,19651765,9527382,10124383
659,2028,56158,28084,28074
462,1987,192207,99109,93098
116,2003,12920705,6223123,6697582
428,2046,1328694,631268,697426
562,2009,14748785,7398811,7349974
466,2008,13718832,6700122,7018710
112,2048,8433459,3942935,4490524
686,1985,6378411,3146291,3232120
882,2007,187956,96848,91108
268,2031,4897655,2347784,2549871
608,2005,84964745,42623691,42341054
144,2004,19933590,9801026,10132564
292,2025,29753,14866,14887
124,2030,38564870,19064792,19500078
148,2030,15114185,7352095,7762090
360,1994,194301847,96795187,97506660
64,1958,201329,102737,98592
608,1984,53237123,26685728,26551395
296,1999,83344,41498,41846
624,2020,1892584,926525,966059
642,2034,19975986,9690770,10285216
854,2013,17812961,8863239,8949722
492,1998,31501,15287,16214
454,2031,30205776,14960417,15245359
454,2043,43061913,21322016,21739897
558,2049,7228829,3520845,3707984
499,2034,622021,308525,313496
12,1988,23917674,12047425,11870249
702,2044,8292345,4004040,4288305
578,2016,5265158,2653930,2611228
398,2004,15988619,7714101,8274518
426,1993,1790788,875292,915496
348,2036,9166677,4384512,4782165
188,2044,5978949,2966280,3012669
706,2013,10251568,5151124,5100444
340,2032,11031032,5566967,5464065
44,2021,340163,166767,173396
832,2008,91629,44896,46733
76,1982,126890221,63178349,63711872
132,2001,438454,211266,227188
450,1994,13128410,6540307,6588103
634,1989,417647,277615,140032
760,1993,13721787,6995967,6725820
192,2036,10579918,5215813,5364105
654,2043,7587,3691,3896
332,2029,12275929,6040455,6235474
28,1997,71453,34260,37193
705,2003,2011604,978818,1032786
604,2031,34648148,16861763,17786385
740,2020,609569,306830,302739
784,2023,6861423,4668876,2192547
600,1990,4200491,2103732,2096759
516,1987,1270353,636413,633940
44,2044,370854,181938,188916
100,2048,5626383,2747869,2878514
882,2009,190897,98127,92770
104,1983,35325994,17560076,17765918
446,2007,525531,250969,274562
408,2023,26017549,12652627,13364922
404,2020,49858045,24868594,24989451
760,2044,29939688,15001305,14938383
12,1997,29318183,14807240,14510943
586,1996,137911171,70976955,66934216
534,2047,52716,25926,26790
608,2019,107535277,53972007,53563270
132,1992,356492,170552,185940
116,2047,21918764,10749556,11169208
112,1992,10227558,4794940,5432618
498,2032,2907638,1433997,1473641
516,2007,2095803,1032339,1063464
332,1991,6849751,3360080,3489671
204,1983,3789035,1831047,1957988
212,1983,74286,36898,37388
554,2030,4913241,2435481,2477760
512,2050,5401957,2841811,2560146
534,2033,49861,24544,25317
262,1986,396506,195934,200572
534,1998,31372,15343,16029
732,2007,445397,220793,224604
376,1990,4459090,2223981,2235109
52,1989,261092,125155,135937
234,2044,56556,28823,27733
446,2038,642627,297605,345022
304,2042,52477,26276,26201
368,2011,31639690,15943624,15696066
170,2005,41487778,20503543,20984235
652,2033,6953,3641,3312
554,2041,5118628,2527017,2591611
72,2028,2483334,1296929,1186405
834,1989,24137855,11868988,12268867
690,2006,84798,42778,42020
534,2016,41486,20479,21007
226,2004,551415,272319,279096
242,2044,1005939,505040,500899
704,2012,91519289,45689815,45829474
500,1998,3381,1729,1652
728,2019,14039887,7117173,6922714
620,2006,10605870,5152048,5453822
458,2016,30949962,15689314,15260648
678,2048,302951,150932,152019
760,2026,24853274,12504783,12348491
212,1981,73519,36479,37040
585,2008,20701,11048,9653
192,2012,11261601,5619719,5641882
204,2018,11340504,5703449,5637055
340,2005,7193065,3613180,3579885
694,2020,6624933,3223524,3401409
31,1996,8138330,3952841,4185489
266,1982,754241,369231,385010
4,1996,20110508,10255840,9854668
132,2029,645649,314086,331563
504,2015,33322699,16372233,16950466
663,1988,24873,12641,12232
598,2019,7143996,3639081,3504915
663,2011,30615,14722,15893
624,1987,927409,447529,479880
262,2048,1373524,628177,745347
12,2044,53537501,26984308,26553193
360,2034,290715858,145537702,145178156
246,2048,5497213,2706867,2790346
20,1992,59722,31436,28286
268,2000,4818805,2287395,2531410
446,2027,634993,298814,336179
585,1997,18299,9885,8414
20,2015,85580,44113,41467
728,2050,26843710,13539075,13304635
356,2006,1107624346,574307523,533316823
558,1990,3643561,1804257,1839304
376,1993,4979463,2486024,2493439
231,2039,183649352,91046584,92602768
204,1993,5250360,2581235,2669125
268,1998,4882649,2314804,2567845
116,2002,12729204,6134533,6594671
324,1972,3787796,1820925,1966871
646,2039,21903580,10918731,10984849
686,2029,19101211,9254788,9846423
702,2029,7128469,3467171,3661298
268,2050,4714548,2273479,2441069
484,1996,94125591,46477798,47647793
608,1981,49486886,24848154,24638732
690,2029,100559,52543,48016
328,2042,863523,431756,431767
226,2016,759451,378488,380963
440,2034,2284064,1062970,1221094
384,2011,21504162,10895331,10608831
686,2050,27244158,13233871,14010287
418,2030,8472107,4199905,4272202
508,2032,38489139,19019084,19470055
232,2042,8137703,4008593,4129110
428,2039,1469495,693014,776481
152,2028,19045777,9351341,9694436
124,2033,39084463,19300772,19783691
670,2007,105307,53293,52014
428,2036,1531818,720175,811643
368,2012,33102634,16694073,16408561
512,2031,4365843,2328358,2037485
484,2035,144286104,70346967,73939137
860,2002,25696313,12770132,12926181
212,2017,73897,37316,36581
140,2000,3979862,1954346,2025516
578,2044,6245056,3138638,3106418
795,2007,4774232,2367975,2406257
356,2041,1581348765,814508006,766840759
528,1999,15819914,7823007,7996907
690,1985,67175,33395,33780
208,2049,5586807,2710683,2876124
480,1990,1061598,527278,534320
16,2037,50831,24741,26090
776,2026,104246,52280,51966
376,2047,12042490,6043235,5999255
562,2005,12782094,6407307,6374787
624,2042,2634217,1297456,1336761
780,2033,1131093,570908,560185
534,2025,46560,22973,23587
630,2042,3179974,1516081,1663893
120,2005,18131040,9091495,9039545
52,2036,295905,141914,153991
212,2021,74321,37543,36778
120,2024,29775917,14917440,14858477
762,2020,8873669,4412893,4460776
729,2009,32426590,16430794,15995796
328,2010,745835,376637,369198
124,1995,29690529,14712942,14977587
372,2038,5948024,2953537,2994487
192,2029,10835637,5361028,5474609
710,2048,68024546,33756727,34267819
408,2038,27041180,13139400,13901780
233,2015,1265420,589995,675425
492,2007,30834,15063,15771
24,2041,37790765,19107682,18683083
372,2043,6128767,3037734,3091033
524,2012,27505393,13241947,14263446
626,2004,971458,498948,472510
288,2030,36119005,17771369,18347636
328,2027,793897,399044,394853
438,2007,35390,17449,17941
562,2040,36317035,18155617,18161418
660,2027,20401,9518,10883
140,2050,10338863,5144632,5194231
430,2024,5170841,2574038,2596803
140,2042,9095747,4530272,4565475
12,2050,55444735,27878883,27565852
780,2008,1231323,623068,608255
732,2048,1138386,564450,573936
756,1990,6843505,3374396,3469109
208,1993,5188386,2558885,2629501
706,1981,5828800,2841695,2987105
324,2021,13769914,6894041,6875873
184,1995,18309,9459,8850
328,1980,759352,376956,382396
434,2006,5678213,2944470,2733743
300,1997,10502372,5178616,5323756
533,2000,89995,42897,47098
818,2008,77516306,39583858,37932448
860,2005,26539888,13202442,13337446
418,2047,9867632,4872596,4995036
604,2022,32482968,15900028,16582940
36,2036,27093208,13564733,13528475
104,2033,65370700,32375599,32995101
116,2043,21302499,10447559,10854940
716,1997,11469387,5665279,5804108
504,2033,38660642,18871869,19788773
818,2034,134625694,68726872,65898822
466,1996,9664874,4751547,4913327
716,2048,24512164,12531302,11980862
4,1988,13168732,6726127,6442605
158,2016,23464787,11652738,11812049
275,2032,3490566,1771326,1719240
372,2016,4952473,2474038,2478435
388,2003,2689150,1328011,1361139
170,2049,56200847,27706234,28494613
218,2046,20785362,10237103,10548259
732,2006,430317,213293,217024
484,2043,148900004,72385529,76514475
659,2020,53821,26938,26883
430,2023,5058569,2518450,2540119
554,2004,4008166,1992456,2015710
616,1999,38665538,18794530,19871008
344,2000,6655870,3269426,3386444
4,2007,27387083,13918731,13468352
654,1993,6836,3478,3358
156,1998,1252170542,644953490,607217052
703,2032,5298312,2566712,2731600
320,1996,10267947,5151224,5116723
408,2018,25381085,12323546,13057539
204,1981,3564850,1715954,1848896
116,1999,12154664,5875586,6279078
882,2012,194320,99561,94759
646,1983,5663174,2782439,2880735
634,2018,2363569,1827300,536269
500,1995,10268,5127,5141
764,1993,58344466,28908291,29436175
204,2028,14568397,7350189,7218208
70,1997,3590693,1747420,1843273
752,1992,8718867,4308001,4410866
262,1995,553027,265536,287491
499,2009,672180,334811,337369
64,1950,163786,83728,80058
60,2010,68265,33015,35250
226,1995,426231,208173,218058
222,2026,6301042,3016833,3284209
862,2046,39266094,19579907,19686187
392,2050,107209536,51553794,55655742
887,2046,44199728,22159972,22039756
40,2006,8352180,4067292,4284888
430,1990,2138591,1088204,1050387
826,1997,58494073,28647727,29846346
800,2019,42169690,20956071,21213619
784,1997,2746332,1850697,895635
690,2017,93920,48325,45595
60,2016,70537,34116,36421
234,2047,56833,28919,27914
308,1999,100985,50433,50552
724,2046,53164173,26114028,27050145
308,2009,107199,54068,53131
500,2027,5598,2794,2804
132,1988,330500,156583,173917
480,2012,1313095,646312,666783
340,2007,7516214,3777258,3738956
360,2007,235098987,117484501,117614486
275,2005,2172074,1104575,1067499
258,2042,324021,163824,160197
132,2005,470597,227254,243343
659,2023,54816,27436,27380
652,2046,6635,3448,3187
226,2022,875547,437633,437914
344,2045,6840536,3059283,3781253
662,2020,166487,80913,85574
724,2047,53033335,26040336,26992999
344,2001,6714968,3289650,3425318
8,2027,3108592,1530310,1578282
144,2020,22889201,11172459,11716742
148,2000,7942675,3798866,4143809
204,1987,4287908,2087379,2200529
31,2000,8463076,4125682,4337394
136,2041,83688,40370,43318
558,2036,6989707,3407594,3582113
136,1992,28675,14012,14663
792,2010,74686698,37636743,37049955
578,1993,4311964,2132333,2179631
616,2007,38537963,18683931,19854032
262,1983,370117,185727,184390
152,2036,19542035,9577932,9964103
170,1983,28454991,14063750,14391241
642,2008,22060808,10749401,11311407
496,2029,3384187,1637338,1746849
682,2028,33063466,17777774,15285692
12,2000,30638018,15481529,15156489
520,2027,10102,4646,5456
266,2041,2764959,1394407,1370552
728,2015,12042910,6110500,5932410
430,2049,8080219,4011997,4068222
258,1988,191159,99278,91881
140,1982,2477573,1199122,1278451
360,2049,300189249,149982635,150206614
90,2022,709961,362478,347483
51,2049,2493387,1255195,1238192
516,2014,2340492,1140858,1199634
20,2040,81093,40522,40571
72,2027,2464556,1284520,1180036
508,2035,41433507,20507181,20926326
430,2029,5744939,2858315,2886624
654,2025,7888,3938,3950
48,2048,1831248,1066145,765103
442,2014,557989,279593,278396
174,2000,545143,265887,279256
690,2022,97216,50382,46834
520,2028,10153,4660,5493
410,2027,52727904,26420241,26307663
876,2020,15854,8067,7787
728,2032,19521073,9870433,9650640
20,2016,85660,44121,41539
480,2049,1443831,701638,742193
740,1989,412929,207605,205324
170,2038,54984931,27145794,27839137
798,2039,12798,6419,6379
144,2001,19263057,9497982,9765075
12,2015,39542166,20025178,19516988
732,1985,179327,88694,90633
428,1993,2560457,1183655,1376802
768,2039,13340161,6615872,6724289
48,2000,654861,373896,280965
234,1997,44048,22715,21333
178,2047,9633340,4808059,4825281
32,1980,28369799,14121764,14248035
663,2033,33679,16014,17665
12,2031,48561405,24576570,23984835
116,1980,6888522,3188978,3699544
296,2020,111796,54278,57518
438,2028,41230,20563,20667
12,2028,47281234,23941818,23339416
422,2012,4612387,2300069,2312318
762,2003,6567848,3266181,3301667
275,2026,3203036,1627640,1575396
659,2049,56535,27960,28575
748,2010,1354051,673049,681002
850,2044,75166,32687,42479
694,2029,8291577,4049199,4242378
654,2034,7823,3851,3972
152,2005,15979150,7854439,8124711
188,2043,5959194,2957740,3001454
324,1970,3643361,1750213,1893148
174,1983,364616,180442,184174
404,2012,43013341,21454027,21559314
270,2026,2406911,1187584,1219327
674,1997,25735,12511,13224
894,2032,24453283,12211574,12241709
268,2042,4810449,2312083,2498366
562,1984,6704046,3362283,3341763
156,1994,1208483036,622046716,586436320
860,1991,21058973,10413968,10645005
682,2037,36284751,19393570,16891181
499,2033,623843,309558,314285
784,2022,6749410,4598234,2151176
414,2038,3568071,2013655,1554416
688,2014,7209764,3515095,3694669
76,1998,169322084,83984307,85337777
586,1993,127562732,65756508,61806224
288,2040,43861515,21552310,22309205
178,2044,9072436,4530798,4541638
384,1999,16456878,8371235,8085643
84,2050,543690,274848,268842
170,2047,56106445,27665933,28440512
31,2029,10737080,5322595,5414485
646,1992,7298571,3600467,3698104
792,2006,71341435,35992067,35349368
831,2009,64454,31810,32644
24,2004,14315255,7226344,7088911
558,2005,5267146,2592702,2674444
426,2048,1912765,957383,955382
862,1997,22956507,11445179,11511328
116,1998,11944465,5774857,6169608
51,2041,2677405,1334924,1342481
191,1992,4490682,2162937,2327745
430,2012,3887886,1939024,1948862
760,1988,11676074,5960213,5715861
524,1986,16847975,8493271,8354704
178,2038,7988295,3994370,3993925
498,2011,3694121,1789750,1904371
858,2030,3466531,1682393,1784138
858,1987,3044980,1484073,1560907
626,2041,1982095,973623,1008472
732,1989,209263,103485,105778
132,2019,575839,279632,296207
540,2047,365202,180293,184909
40,2009,8428464,4109252,4319212
360,1980,150321499,74694450,75627049
795,2011,4997503,2478224,2519279
833,2014,86866,43382,43484
140,2002,4128418,2029976,2098442
764,1996,60530767,29981528,30549239
231,2026,134738965,66869705,67869260
0,2022,1958773,1009042,949731
270,2038,2832642,1396158,1436484
120,2008,19704727,9882985,9821742
760,2017,18028549,9061810,8966739
616,1996,38629840,18793792,19836048
554,1992,3493554,1730513,1763041
170,1988,31770867,15717830,16053037
414,2028,3267574,1872468,1395106
64,1961,217631,110997,106634
600,2010,6375830,3199942,3175888
580,2032,66974,32357,34617
422,2026,5425815,2708653,2717162
780,2047,1042174,520922,521252
320,2049,22815639,11197807,11617832
674,2039,36342,17468,18874
372,1996,3636179,1805228,1830951
670,2044,95583,47980,47603
620,2031,10711592,5271195,5440397
320,2005,12182548,6013092,6169456
598,1985,3228928,1743018,1485910
148,1982,4732876,2295790,2437086
876,2010,15343,7735,7608
724,2010,46505963,22947657,23558306
174,2017,808080,391200,416880
470,1998,385608,190787,194821
418,2032,8661583,4292382,4369201
804,2042,38989974,18224802,20765172
710,2034,63199929,31317481,31882448
100,2038,6094474,2971436,3123038
792,2015,79414269,39966657,39447612
417,2016,5727553,2807486,2920067
876,2049,15633,7934,7699
158,1994,21093246,10869714,10223532
586,2030,242861643,124058751,118802892
862,1995,22079084,11039944,11039140
132,2025,619168,301100,318068
270,2033,2660807,1311954,1348853
410,1998,46151512,23153840,22997672
498,2001,4135094,1985351,2149743
446,1997,416985,200507,216478
308,2019,112665,57126,55539
288,2029,35398487,17419919,17978568
558,2003,5116137,2523812,2592325
646,2002,8857375,4390171,4467204
20,2044,78963,39206,39757
528,2035,17934935,8809404,9125531
674,2026,35368,17068,18300
20,1996,63358,33235,30123
68,2048,15769986,7798202,7971784
174,2006,640080,311250,328830
270,1983,710862,353795,357067
204,1982,3675130,1772559,1902571
348,1992,10383053,4980357,5402696
288,2049,51533018,25310841,26222177
694,1980,3335025,1642327,1692698
218,2038,19918645,9830915,10087730
36,2000,19053186,9505506,9547680
116,1997,11721710,5665699,6056011
40,2038,9132373,4455836,4676537
258,2005,253764,130109,123655
116,1975,7499931,3666107,3833824
226,2010,650702,323026,327676
296,2035,128509,61480,67029
136,2039,81897,39532,42365
438,2017,38244,19008,19236
480,2037,1454627,709210,745417
831,2039,67754,33286,34468
8,1998,3212771,1624864,1587907
60,2009,67835,32805,35030
520,2001,9890,5038,4852
158,2014,23359928,11644261,11715667
31,2041,11139505,5511295,5628210
498,1991,4380536,2089539,2290997
583,2039,86278,41425,44853
832,2010,93363,45794,47569
64,2017,758288,395277,363011
188,1997,3625320,1828080,1797240
434,1987,3775716,1985115,1790601
233,2027,1162620,550224,612396
704,2003,82296588,40772550,41524038
170,2033,53838603,26595023,27243580
760,2027,25166611,12660479,12506132
4,1987,13056450,6672524,6383926
418,2036,9019470,4466154,4553316
894,1995,8690098,4346234,4343864
417,1997,4750460,2338870,2411590
832,1998,86400,42082,44318
262,1965,142092,71107,70985
196,2021,1280635,654294,626341
716,2038,21203708,10808023,10395685
226,2009,633441,314217,319224
234,2003,47954,24887,23067
108,2050,30391856,15152917,15238939
372,2013,4775982,2385371,2390611
704,1989,65868481,32240059,33628422
580,2025,61985,29937,32048
484,2017,124574795,61085155,63489640
454,2038,37343317,18494207,18849110
208,2034,5731019,2793789,2937230
178,1998,2756174,1357850,1398324
643,2045,132431756,61458085,70973671
894,2022,18457738,9220686,9237052
724,2045,53270006,26175383,27094623
508,1992,13406479,6443634,6962845
862,2006,26808481,13303122,13505359
652,2019,7140,3780,3360
92,2043,54655,25461,29194
368,2026,48784528,24649050,24135478
292,2044,28932,14381,14551
732,1982,154547,76474,78073
520,2004,9969,5027,4942
414,2042,3676040,2063631,1612409
840,2044,387593232,191961335,195631897
68,2025,12463434,6167430,6296004
292,2036,29461,14640,14821
268,2004,4742862,2257899,2484963
158,2013,23299716,11636794,11662922
204,2041,19048495,9619129,9429366
833,1992,70520,34047,36473
36,2014,22507617,11284179,11223438
548,2037,380326,187271,193055
410,2006,48163516,24157535,24005981
480,1991,1071723,531966,539757
16,2042,49827,24123,25704
36,2024,24838374,12453050,12385324
591,2001,2952285,1492498,1459787
858,2023,3414497,1653998,1760499
304,2016,57728,30201,27527
732,2046,1103223,547135,556088
300,2016,10773253,5259441,5513812
262,2005,666400,313142,353258
258,2001,240098,123341,116757
68,2042,15010125,7424795,7585330
704,2037,108618793,54507071,54111722
12,1991,25825978,13028770,12797208
242,2031,974965,492720,482245
626,2045,2078059,1017387,1060672
642,2027,20684068,10047681,10636387
704,2020,98721275,49527066,49194209
706,2008,9454759,4725391,4729368
316,2035,190418,95560,94858
800,2005,26916576,13356835,13559741
148,1994,6496685,3104384,3392301
56,2018,11570762,5699502,5871260
417,2009,5358180,2630558,2727622
76,2031,224883120,110227516,114655604
583,2002,108034,54471,53563
148,1969,3649335,1789794,1859541
498,2033,2869333,1415873,1453460
642,2017,21529967,10474064,11055903
324,1990,6118452,3025156,3093296
372,2000,3822196,1898421,1923775
792,2003,68691464,34682756,34008708
120,2019,26299112,13183712,13115400
191,2039,3813337,1844134,1969203
854,2048,45409643,22579255,22830388
831,1991,61289,29472,31817
492,2038,32387,15514,16873
388,1982,2298309,1138199,1160110
882,1996,170330,89275,81055
688,2021,6979102,3401310,3577792
51,2003,3088904,1461034,1627870
36,1994,17781089,8869346,8911743
214,2004,9032393,4582446,4449947
417,2043,6899162,3364993,3534169
440,2010,3088774,1425421,1663353
24,2015,19625353,9924519,9700834
116,1972,7452154,3707466,3744688
818,2017,97041072,49584375,47456697
850,2047,71952,31136,40816
332,2047,14282727,6971468,7311259
604,2026,33533721,16372461,17161260
368,1995,19657981,9931391,9726590
400,2000,4785045,2469675,2315370
352,2025,366578,183385,183193
384,1996,15281453,7780004,7501449
28,2026,104924,49318,55606
608,2037,136853362,68511005,68342357
380,2023,62537369,30129643,32407726
520,2036,10687,4837,5850
404,2010,40843138,20370204,20472934
646,2006,9857219,4899437,4957782
266,1972,538009,264130,273879
442,2045,832494,418397,414097
876,2028,16074,8199,7875
388,2005,2736513,1352071,1384442
72,2043,2743861,1471855,1272006
620,2026,10794149,5299516,5494633
440,2046,1918378,902222,1016156
56,2025,12037746,5936923,6100823
500,2024,5494,2741,2753
798,1986,8347,3973,4374
234,2010,49057,25586,23471
450,2026,30831188,15411578,15419610
528,2029,17758262,8749798,9008464
203,2045,10331523,5120869,5210654
585,2039,22964,11319,11645
392,1990,123537399,60628417,62908982
662,2045,166202,79527,86675
40,2034,9114261,4452658,4661603
804,2048,37631039,17666753,19964286
729,2027,44178177,22097845,22080332
807,2023,2118212,1053703,1064509
72,2012,2098018,1057648,1040370
796,1998,17419,8823,8596
558,2045,7191167,3503815,3687352
860,2029,32668557,16217175,16451382
862,2035,37110169,18508002,18602167
499,2045,595016,292879,302137
578,2004,4593413,2276962,2316451
688,2020,7012165,3417676,3594489
516,1981,1074086,536488,537598
508,2000,17996793,8644882,9351911
178,1977,1539690,743939,795751
643,2017,142257519,65814697,76442822
218,1991,10429924,5178876,5251048
524,2010,26663726,12759022,13904704
724,2023,50904358,25139705,25764653
148,2026,14150237,6870988,7279249
788,2032,12151011,5947483,6203528
410,2042,50755083,25255234,25499849
304,1991,55539,29830,25709
663,1985,15392,7792,7600
372,2021,5228101,2610553,2617548
388,1990,2347015,1154747,1192268
148,2045,19006787,9293104,9713683
300,2025,10670697,5187874,5482823
96,1998,310525,161445,149080
250,2037,70133731,34293563,35840168
144,2030,24119989,11744235,12375754
764,2021,69133285,33848778,35284507
140,1980,2348776,1134693,1214083
438,2022,39703,19776,19927
352,2000,281038,140644,140394
670,1997,108607,54519,54088
188,2035,5749756,2863847,2885909
426,1990,1703257,832700,870557
214,1989,6941869,3525115,3416754
31,2030,10781436,5343809,5437627
156,2041,1359309029,686420836,672888193
72,1994,1433688,694625,739063
706,1979,5310962,2627429,2683533
178,1982,1771522,860303,911219
76,1973,102281260,50933138,51348122
558,2040,7100590,3461000,3639590
674,2012,32140,15585,16555
400,2033,9380279,4679421,4700858
422,1981,2954746,1465715,1489031
833,2022,91454,45917,45537
226,2023,895447,447763,447684
630,2040,3225607,1536965,1688642
690,1989,70014,34668,35346
344,2036,7158315,3242019,3916296
566,2045,355464836,180511496,174953340
800,1993,18404136,9094929,9309207
854,2002,12584957,6224080,6360877
654,2037,7765,3806,3959
674,2001,27615,13375,14240
152,2004,15828678,7780187,8048491
630,2021,3511302,1672504,1838798
340,1979,3279238,1631323,1647915
4,2016,33332025,16897150,16434875
670,2023,100785,51289,49496
796,2035,71289,35604,35685
372,2036,5871369,2917666,2953703
524,2001,23887333,11862071,12025262
300,2037,10440446,5045362,5395084
840,2043,385779465,191001980,194777485
428,2007,2220509,1023283,1197226
90,1993,352836,179944,172892
32,2038,51423171,25486236,25936935
288,2011,24107863,11904163,12203700
364,2020,86543402,43851618,42691784
304,1990,55628,30010,25618
688,2050,5869146,2854061,3015085
887,2028,34534219,17410514,17123705
4,2008,27705724,14074684,13631040
558,1981,2898649,1445404,1453245
232,2022,6202124,3053247,3148877
414,1998,1859847,1090150,769697
876,2027,16062,8192,7870
430,2000,2600668,1295384,1305284
32,2029,48707003,24131415,24575588
233,1992,1528715,713008,815707
540,2038,345604,171084,174520
0,2043,2190562,1118767,1071795
348,2029,9465913,4521024,4944889
288,2016,26908262,13271584,13636678
12,2024,45317189,22956971,22360218
404,2002,32313484,16084881,16228603
233,2018,1244288,582301,661987
250,2019,67611479,33106418,34505061
360,1995,197603427,98460241,99143186
646,2015,12661733,6312506,6349227
352,2049,406014,200775,205239
32,2010,41358092,20412344,20945748
554,1990,3413677,1689008,1724669
694,2006,4817621,2335033,2482588
850,2050,68933,29719,39214
562,2032,29942090,14995097,14946993
598,1993,3993245,2111340,1881905
598,2044,9653118,4858726,4794392
566,1966,49495086,25483168,24011918
706,2026,13619600,6841907,6777693
112,1996,10170664,4770666,5399998
616,2024,37880629,18311304,19569325
608,2016,102624209,51522122,51102087
32,2033,49979587,24767115,25212472
316,2009,159323,81010,78313
96,2041,594361,280926,313435
72,2013,2127825,1075292,1052533
652,2036,6893,3601,3292
652,2017,7184,3808,3376
528,2009,16490410,8152089,8338321
170,2048,56160534,27689386,28471148
760,2008,21180801,10760943,10419858
732,1970,89131,46826,42305
410,2017,51181299,25634347,25546952
296,2017,108145,52686,55459
418,2022,7658781,3800024,3858757
558,2020,6203441,3024107,3179334
498,2015,3546847,1725503,1821344
804,2019,43964969,20370880,23594089
50,1993,112886613,57527694,55358919
426,2045,1904626,953720,950906
776,2033,100241,50219,50022
258,2008,262881,134768,128113
296,2002,88264,43790,44474
798,1988,8755,4187,4568
158,2001,22341406,11416998,10924408
52,2043,290422,138630,151792
226,2047,1372655,688442,684213
266,2037,2575132,1296294,1278838
364,2040,97684746,49163681,48521065
218,1997,11792472,5845834,5946638
646,1996,6546456,3231440,3315016
531,2011,144688,69106,75582
520,2010,9267,4450,4817
876,2026,16045,8182,7863
376,2011,7507033,3766702,3740331
608,2003,81536343,40904532,40631811
862,2011,28890744,14366764,14523980
894,1998,9428653,4714300,4714353
670,2032,99028,50249,48779
784,2027,7243103,4902880,2340223
600,1983,3431924,1713508,1718416
764,2025,69588429,33995197,35593232
705,1995,2002827,972227,1030600
191,2001,4418543,2126276,2292267
231,2038,179704021,89098417,90605604
690,2040,102480,54015,48465
850,2037,83072,36664,46408
554,2038,5075085,2508052,2567033
608,1985,54588816,27356916,27231900
807,1995,1954048,978433,975615
732,2041,1014876,503564,511312
31,2026,10588595,5250709,5337886
470,2009,405165,201423,203742
760,2003,17762908,9029126,8733782
246,2000,5168595,2521981,2646614
724,2038,53377285,26289527,27087758
850,2027,93973,42527,51446
52,1993,265699,127888,137811
324,1977,4183359,2014048,2169311
442,2030,724939,365767,359172
275,1999,1903192,967544,935648
214,2031,12337942,6219845,6118097
340,2033,11151942,5628576,5523366
442,2044,825974,415260,410714
780,1998,1257636,633671,623965
414,2002,2083305,1231230,852075
694,2040,10830815,5306657,5524158
60,2008,67387,32586,34801
760,2031,26391129,13267118,13124011
854,1980,6318189,3088021,3230168
534,2041,51851,25481,26370
528,2015,16947904,8385480,8562424
392,2030,120751317,58223356,62527961
512,2038,4769369,2529893,2239476
654,2008,7601,3851,3750
40,1996,8060851,3910759,4150092
894,2041,31141999,15547795,15594204
462,1991,227218,118955,108263
212,2033,72995,36785,36210
850,2049,69916,30176,39740
583,2013,106104,52655,53449
398,2023,19545147,9275167,10269980
496,2016,3031330,1484931,1546399
92,2003,24485,12028,12457
56,2011,10962548,5379147,5583401
72,2017,2235533,1140861,1094672
716,2012,12619600,6152780,6466820
705,1999,2009653,976210,1033443
562,1991,8057147,3994530,4062617
170,2001,39312450,19437823,19874627
68,2044,15272657,7553979,7718678
540,1991,173326,87962,85364
686,1997,8809850,4280994,4528856
586,1999,148379201,76275564,72103637
112,2046,8523022,3979417,4543605
591,2050,4859334,2415205,2444129
833,2025,92606,46523,46083
24,2047,43092389,21772715,21319674
624,1991,1020216,492616,527600
498,2008,3811763,1841668,1970095
583,2031,93972,45543,48429
376,2021,8800918,4425041,4375877
31,2050,11209644,5544518,5665126
780,2016,1220479,618562,601917
580,2030,65598,31700,33898
804,1992,51869138,24049108,27820030
178,1974,1414408,681098,733310
324,2029,16816958,8423170,8393788
148,1984,5025174,2434280,2590894
531,2033,154698,74816,79882
158,2041,22404891,10742007,11662884
762,2010,7487489,3724488,3763001
620,2017,10839514,5296902,5542612
364,2003,70811828,36009409,34802419
116,2045,21617585,10602473,11015112
304,2050,49356,24485,24871
208,2043,5658213,2748978,2909235
834,2037,90068335,45082148,44986187
562,2018,19866231,9967611,9898620
184,2006,13132,6791,6341
484,2047,150136771,72882136,77254635
760,2039,28671845,14386916,14284929
410,2035,52376116,26170653,26205463
608,2004,83255520,41766004,41489516
120,1977,7942132,3963171,3978961
170,2019,48631464,24030656,24600808
44,1992,253558,123406,130152
608,2007,88350267,44324974,44025293
831,2042,67489,33084,34405
96,2022,478304,233368,244936
832,1997,85854,41788,44066
652,2028,7025,3694,3331
484,1981,69930971,34657750,35273221
678,1983,100133,49741,50392
144,1988,16480228,8249891,8230337
858,2011,3308535,1596505,1712030
598,1986,3313754,1783779,1529975
116,2022,17385567,8474261,8911306
732,2047,1120822,555803,565019
894,2047,36255336,18098192,18157144
478,1995,2234790,1078664,1156126
31,2011,9397279,4637923,4759356
266,2006,1426392,708323,718069
446,2025,630434,297365,333069
196,2013,1155403,589889,565514
646,2023,15365227,7667392,7697835
666,2008,6049,2995,3054
328,2031,818184,410657,407527
826,2014,63742977,31688615,32054362
208,2010,5515575,2723361,2792214
876,2022,15932,8115,7817
24,2014,19088106,9651866,9436240
116,2040,20809151,10203102,10606049
662,2019,166008,80720,85288
499,1998,701246,348818,352428
858,2013,3324460,1605132,1719328
894,2008,12337728,6165320,6172408
332,1981,5595388,2747567,2847821
840,1981,229465714,111502932,117962782
694,2030,8500453,4152715,4347738
642,2015,21666350,10543434,11122916
292,2045,28856,14347,14509
600,2026,7681441,3843786,3837655
566,2032,270482322,137651700,132830622
760,2034,27275597,13703158,13572439
0,2011,1825632,940096,885536
328,2018,740685,373635,367050
116,2015,15708756,7620237,8088519
76,2001,176789957,87620878,89169079
694,2014,5743725,2788710,2955015
410,2019,51635813,25872284,25763529
208,2008,5484723,2709804,2774919
591,2015,3657024,1841153,1815871
52,2016,291495,140991,150504
96,2024,491998,239129,252869
196,2032,1387708,707961,679747
296,2029,122359,58872,63487
428,2028,1705968,795468,910500
28,2039,116683,54423,62260
800,1992,17735302,8762238,8973064
324,1962,3136138,1500334,1635804
360,1998,207471653,103425959,104045694
112,2042,8689415,4048474,4640941
660,2037,23506,10791,12715
729,2035,49856669,24850247,25006422
96,2001,332654,171360,161294
646,2032,18797425,9377391,9420034
12,1996,28837598,14562491,14275107
818,2002,68265356,34897679,33367677
454,1984,7098349,3510962,3587387
364,2028,92368940,46711955,45656985
740,1980,354083,175603,178480
807,2042,2055287,1017653,1037634
410,2022,52180037,26153154,26026883
496,2034,3472938,1672548,1800390
380,2032,62599466,30115797,32483669
882,2034,223282,112430,110852
583,2001,107905,54489,53416
716,2030,18819523,9543248,9276275
292,1997,26746,13522,13224
184,2009,11870,6142,5728
534,2032,49526,24387,25139
270,2017,2051363,1013493,1037870
268,2016,4928052,2356960,2571092
380,2045,61956332,29697770,32258562
833,2033,94255,47328,46927
504,2043,40865186,19867800,20997386
212,2048,66070,33028,33042
634,2003,735643,487567,248076
466,2020,19623274,9547606,10075668
51,2042,2656132,1325828,1330304
292,2002,28201,14258,13943
826,2046,70840025,35250208,35589817
368,2031,54554052,27558601,26995451
152,2013,17216945,8464743,8752202
704,2030,105477996,52977272,52500724
430,1977,1705485,864176,841309
52,1999,272504,131725,140779
504,2000,28113036,13918678,14194358
218,2029,18575913,9192438,9383475
562,2017,19245344,9656550,9588794
414,2026,3202667,1841279,1361388
548,1999,186341,95309,91032
152,1990,13007851,6384805,6623046
8,2005,3024533,1503666,1520867
258,1999,231571,119275,112296
566,1974,62529409,32180043,30349366
831,2029,67979,33644,34335
508,1994,14940225,7166097,7774128
760,1990,12533628,6395422,6138206
76,1988,144096245,71694795,72401450
533,2020,119428,56491,62937
426,1989,1674022,818484,855538
218,2040,20164725,9946774,10217951
108,2002,7119264,3522873,3596391
20,2045,78341,38836,39505
28,2018,95882,45295,50587
191,2022,4186104,2019806,2166298
388,2029,3227635,1603580,1624055
428,1999,2385906,1099191,1286715
64,1984,511887,269903,241984
454,2012,16250624,8040027,8210597
296,2022,114205,55328,58877
404,2026,53848689,26854919,26993770
792,2025,84544177,42402866,42141311
132,1993,366241,175386,190855
140,1981,2412768,1166692,1246076
562,1997,9716696,4850455,4866241
798,2042,12971,6520,6451
144,2032,24316604,11835798,12480806
124,2037,39681816,19568727,20113089
8,2033,3082690,1512772,1569918
410,2020,51835110,25975819,25859291
710,2041,65846382,32663652,33182730
31,2025,10533598,5223800,5309798
654,1996,7003,3559,3444
686,1976,5100499,2559028,2541471
266,1992,986367,487599,498768
480,2024,1406393,689431,716962
4,2018,34940837,17703925,17236912
112,2031,9106691,4234649,4872042
120,2016,24360803,12215391,12145412
600,1972,2614104,1301186,1312918
208,2000,5337416,2637966,2699450
499,2021,638854,317987,320867
702,2037,7817891,3787849,4030042
84,2009,307899,155945,151954
191,1998,4399628,2122816,2276812
192,2007,11261457,5629112,5632345
12,1999,30204849,15260137,14944712
104,2049,70452585,34725186,35727399
834,2045,107300712,53709243,53591469
740,1982,370214,183907,186307
340,1993,5232622,2617660,2614962
234,1999,45115,23329,21786
266,2023,1986722,993355,993367
548,2030,347774,171956,175818
332,2028,12146066,5979039,6167027
292,1992,28091,14190,13901
458,2034,38092034,19161102,18930932
348,2020,9771827,4660271,5111556
414,1987,1887220,1085982,801238
716,2015,14229541,7137635,7091906
578,2048,6326532,3176115,3150417
148,2049,20165110,9867505,10297605
292,2039,29278,14544,14734
20,2049,75534,37221,38313
158,2005,22727551,11548492,11179059
478,2027,4594864,2212893,2381971
104,1974,29770683,14835976,14934707
44,2003,291347,142256,149091
798,2015,10869,5362,5507
833,2015,87545,43766,43779
364,2001,69531531,35377594,34153937
196,2010,1102677,562543,540134
728,2045,24891838,12562423,12329415
148,2012,10975648,5283114,5692534
180,1991,40514176,19976631,20537545
258,1996,219860,113675,106185
620,2027,10780588,5295449,5485139
626,2032,1746254,864256,881998
372,2001,3872700,1923822,1948878
324,2014,11474383,5741557,5732826
152,2040,19668727,9630544,10038183
398,2047,22038405,10284674,11753731
764,2007,65813156,32471122,33342034
499,2047,588458,289113,299345
566,1987,89418367,45787097,43631270
70,2015,3867055,1884506,1982549
24,1980,7205814,3600666,3605148
76,2017,207353391,102213894,105139497
887,2001,17762475,9038042,8724433
484,2007,109338805,53667898,55670907
591,2030,4322631,2165635,2156996
400,2041,10384121,5157144,5226977
212,2031,73521,37079,36442
246,2044,5539605,2725499,2814106
764,2036,69331544,33660286,35671258
831,1998,61419,29749,31670
84,2044,515857,260957,254900
504,1992,24861078,12375903,12485175
626,2009,1061527,535382,526145
643,2036,135950834,62858642,73092192
51,2012,3067015,1475304,1591711
180,2034,116437956,58088361,58349595
646,2038,21436615,10687264,10749351
834,2011,45590856,22679130,22911726
807,2014,2091719,1042337,1049382
585,2025,22102,11276,10826
798,1979,7366,3445,3921
203,2025,10696842,5273158,5423684
702,2004,4498226,2218979,2279247
540,2005,232397,116946,115451
124,2020,36387359,18039233,18348126
762,2015,8191958,4075049,4116909
100,2024,6776771,3300001,3476770
492,2029,32285,15545,16740
231,2030,149122932,73984039,75138893
804,2031,41461502,19273701,22187801
608,2031,127315696,63796985,63518711
292,2029,29745,14824,14921
434,1988,3883238,2039099,1844139
180,2030,108871607,54334112,54537495
788,2047,12249926,5878522,6371404
184,2011,11124,5754,5370
414,1994,1575330,902927,672403
214,2001,8613550,4371497,4242053
716,1998,11606924,5737568,5869356
340,2024,10011495,5046941,4964554
410,1995,45105079,22677041,22428038
716,2025,17370260,8772562,8597698
500,2022,5434,2711,2723
706,2048,21846506,10829443,11017063
308,2014,110152,55747,54405
40,2003,8215680,3999185,4216495
558,1978,2608303,1298409,1309894
666,2041,4028,1873,2155
752,2040,11457377,5692047,5765330
203,2005,10266923,5004603,5262320
694,2028,8087130,3947871,4139259
16,2001,57609,29265,28344
462,2000,299981,161902,138079
788,2021,11574583,5728012,5846571
328,2015,735222,371174,364048
24,1997,11670042,5878895,5791147
108,2007,8286261,4112452,4173809
533,2029,130986,61796,69190
504,2039,40054340,19503876,20550464
858,2007,3278878,1581405,1697473
520,2025,10008,4621,5387
566,1993,104399690,53376382,51023308
348,2001,10129929,4832262,5297667
499,2031,627251,311474,315777
591,2023,4030208,2024160,2006048
212,1996,70996,35546,35450
344,2010,7029211,3308192,3721019
792,2042,89499279,44490433,45008846
332,2044,13995585,6841205,7154380
748,2021,1528088,769697,758391
729,2042,54453199,27074391,27378808
380,2015,61855120,29822997,32032123
214,2014,10349741,5240660,5109081
417,2035,6623527,3233662,3389865
400,2002,5012129,2577790,2434339
231,2028,141842602,70383426,71459176
604,2021,32201849,15772452,16429397
108,2008,8552574,4246243,4306331
583,1997,106879,54343,52536
268,2043,4801002,2308305,2492697
534,2011,38486,18973,19513
148,1981,4514940,2198709,2316231
68,2009,9775246,4838111,4937135
484,2041,148007428,72003568,76003860
414,2023,3101321,1791835,1309486
764,2049,66383231,32052875,34330356
246,2020,5571665,2744743,2826922
68,2005,9072944,4491086,4581858
440,2004,3384474,1576360,1808114
704,2045,110717427,55464883,55252544
716,2044,23154725,11828775,11325950
643,2020,141722205,65553652,76168553
414,2036,3511054,1987149,1523905
340,2031,10908700,5504608,5404092
0,2007,1785477,918695,866782
674,2048,35517,17051,18466
4,2032,47475646,23972181,23503465
780,1997,1260150,634545,625605
484,2048,150328295,72949280,77379015
392,2001,127108598,62080351,65028247
192,2031,10771743,5323686,5448057
804,2033,40994013,19068563,21925450
800,2046,86209123,42868445,43340678
32,2009,40943942,20204303,20739639
440,2007,3230567,1497073,1733494
174,2036,1033511,497319,536192
686,2022,16465267,7969517,8495750
800,2006,27810686,13801138,14009548
16,2038,50602,24601,26001
558,1996,4502776,2239869,2262907
798,1993,9564,4623,4941
466,2035,28804001,13988596,14815405
454,1978,5880469,2903967,2976502
752,2012,9573256,4775851,4797405
348,2021,9743110,4647321,5095789
108,2032,18317711,9136557,9181154
704,2022,100299456,50349918,49949538
662,2036,169634,81684,87950
32,1987,31624620,15659685,15964935
275,2016,2697687,1372232,1325455
356,2038,1551631500,800391872,751239628
31,2007,9015038,4429278,4585760
180,2047,139735631,69531087,70204544
72,2034,2588127,1367752,1220375
328,1989,768586,384044,384542
64,2015,741919,387336,354583
92,2031,45937,21604,24333
51,1997,3112661,1470689,1641972
292,2013,29111,14648,14463
764,2037,69198423,33577577,35620846
84,2012,327719,165951,161768
833,2046,93685,46951,46734
499,2008,678177,337782,340395
666,2033,4524,2135,2389
422,2047,5658213,2808129,2850084
784,1994,2319182,1548682,770500
833,2019,89969,45114,44855
654,2023,7881,3945,3936
512,2000,2432376,1381391,1050985
860,2001,25372377,12603513,12768864
84,2001,254639,129118,125521
784,2007,4444011,3050874,1393137
566,1976,66399262,34175036,32224226
630,2010,3721208,1782619,1938589
440,2005,3326634,1546886,1779748
408,2004,23476730,11364251,12112479
854,1988,7833491,3773991,4059500
40,2044,9131316,4446902,4684414
740,1990,416080,209001,207079
226,2012,685991,341030,344961
662,2039,168962,81197,87765
250,2048,69685753,34065889,35619864
626,2048,2147198,1048690,1098508
591,2018,3800644,1911864,1888780
64,1962,225044,114994,110050
729,2014,35482233,17897489,17584744
840,2048,394755870,195794039,198961831
258,2010,268824,137796,131028
226,1997,451026,220898,230128
626,2033,1774242,877393,896849
584,2001,54007,27594,26413
368,1996,20298494,10257484,10041010
32,2024,46974162,23261393,23712769
894,2016,15510711,7750176,7760535
158,2003,22561453,11498632,11062821
716,2037,20891985,10643678,10248307
624,1996,1166256,563915,602341
296,2011,100743,49444,51299
50,2030,177111510,86468931,90642579
404,2029,55858189,27853938,28004251
56,1999,10235655,5007507,5228148
266,2000,1236429,613072,623357
12,1992,26493629,13371113,13122516
400,2047,11083698,5486967,5596731
242,1999,799078,405998,393080
204,2003,7293710,3630034,3663676
706,1994,6264440,3151514,3112926
414,2040,3623170,2039192,1583978
400,2020,7689511,3868534,3820977
360,2013,251160124,125617649,125542475
328,2016,735909,371437,364472
800,2040,75459625,37531317,37928308
470,2026,421250,209915,211335
626,2025,1539173,766098,773075
246,2017,5518371,2716631,2801740
706,1987,6939075,3379207,3559868
140,1978,2224714,1072720,1151994
231,1988,44596107,22453156,22142951
352,2046,403364,199700,203664
642,2048,18327411,8863237,9464174
831,2044,67279,32936,34343
180,1974,24333992,11813304,12520688
266,1969,503763,247045,256718
120,1989,11628238,5821121,5807117
446,2023,624831,295366,329465
231,2044,203643761,100911426,102732335
795,2001,4444584,2203197,2241387
328,1987,764960,381735,383225
660,1984,6688,3260,3428
584,2041,97829,49265,48564
234,2031,54792,28178,26614
328,2012,738950,373175,365775
108,2022,13462695,6709466,6753229
860,2020,30565411,15202560,15362851
152,2020,18186770,8938796,9247974
804,2029,41937580,19484241,22453339
292,2047,28694,14275,14419
796,2014,49070,24765,24305
584,2034,92028,46472,45556
104,1993,42437423,21083980,21353443
417,2041,6836138,3334685,3501453
136,2032,75156,36382,38774
706,2021,12028823,6057538,5971285
48,1981,363520,211328,152192
446,2015,592731,282242,310489
434,1993,4414050,2305790,2108260
516,1988,1323006,662987,660019
140,2020,5990855,2977238,3013617
508,2027,33961935,16731014,17230921
204,2021,12270436,6178575,6091861
678,2049,306210,152526,153684
204,2005,7777709,3878542,3899167
344,2043,6920734,3101473,3819261
508,1984,13083602,6383086,6700516
36,2017,23232413,11649919,11582494
831,1995,60977,29331,31646
232,2011,5481467,2698750,2782717
604,1997,24692146,12396256,12295890
768,1998,4715170,2341355,2373815
275,2042,3918203,1981601,1936602
258,2048,324995,163617,161378
344,2048,6712620,2996662,3715958
566,2035,288930504,146979099,141951405
703,2041,5099986,2467992,2631994
332,2040,13582756,6651771,6930985
417,2021,6019773,2948581,3071192
426,2032,1941602,966768,974834
508,2034,40432927,20001523,20431404
748,2039,1747359,898742,848617
191,2006,4440594,2135536,2305058
48,2046,1814614,1057576,757038
8,2038,3023633,1479849,1543784
96,1990,252887,133561,119326
764,2030,69750594,33977888,35772706
50,2035,182807545,88951606,93855939
760,2030,26089526,13117994,12971532
674,2013,32448,15729,16719
591,1980,1959566,996026,963540
752,2036,11243021,5592077,5650944
598,2029,8254283,4178978,4075305
148,2040,17658355,8621195,9037160
152,2032,19338104,9487079,9851025
268,2030,4904254,2350489,2553765
184,2007,12691,6565,6126
392,2037,116459251,56024927,60434324
776,2022,105628,52986,52642
376,2026,9432098,4743943,4688155
784,2033,7675377,5154781,2520596
788,2026,11906378,5865378,6041000
124,2031,38745806,19147382,19598424
616,2013,38619322,18707328,19911994
44,2001,285685,139414,146271
92,2047,57491,26731,30760
344,2004,6847993,3316778,3531215
214,2047,13538269,6783765,6754504
792,2016,80274604,40388600,39886004
642,2013,21790479,10607197,11183282
376,2002,6352659,3179939,3172720
384,2021,25937681,13094949,12842732
540,1996,195528,98889,96639
508,2005,20068619,9700051,10368568
242,2032,977800,493934,483866
72,2045,2779646,1495024,1284622
446,2011,573003,273676,299327
516,2001,1929718,967024,962694
580,2007,59305,28447,30858
496,2025,3301176,1603353,1697823
60,2050,69874,33654,36220
724,2004,43000157,21118200,21881957
887,2011,23898794,12107486,11791308
404,2001,31423090,15640092,15782998
470,2020,419123,208869,210254
398,2013,17736896,8499439,9237457
332,2023,11479914,5662866,5817048
840,2016,323995528,159690758,164304770
308,2037,115599,58399,57200
32,1991,33504421,16560628,16943793
600,2048,8788520,4357100,4431420
752,2031,10971430,5467172,5504258
800,1995,19640269,9717703,9922566
144,2042,25033665,12174207,12859458
850,2004,107950,51208,56742
288,2023,31273225,15405635,15867590
84,1980,144416,73014,71402
558,2030,6753191,3292287,3460904
724,2034,53028132,26146997,26881135
104,1976,30904511,15397973,15506538
31,2033,10902404,5401058,5501346
566,1998,118033550,60275704,57757846
768,2000,4991834,2478038,2513796
566,1953,33944600,17445432,16499168
4,1985,13119943,6713787,6406156
660,2008,14110,6875,7235
703,2013,5441540,2640269,2801271
876,2037,15998,8152,7846
90,1987,291544,149132,142412
148,2036,16616533,8101729,8514804
887,2010,23209521,11760969,11448552
12,2001,31077277,15706022,15371255
500,2014,5215,2606,2609
694,2039,10577813,5181452,5396361
818,2015,92296970,47155831,45141139
170,2034,54099100,26721086,27378014
578,2031,5903360,2978498,2924862
52,2012,287733,139206,148527
682,2040,37249848,19872457,17377391
516,1980,1058021,528226,529795
72,1986,1115756,530718,585038
120,1990,11983123,6000274,5982849
756,1997,7202163,3535666,3666497
234,2013,49709,25894,23815
410,2008,48753802,24448749,24305053
148,1993,6379099,3047256,3331843
233,2013,1279745,595081,684664
659,1994,42609,21058,21551
710,2043,66525583,33006868,33518715
148,2028,14628818,7109869,7518949
184,1997,17872,9206,8666
0,2042,2183799,1116052,1067747
316,2031,185562,93306,92256
388,1986,2322553,1146324,1176229
690,1995,74931,37067,37864
752,2037,11296135,5616672,5679463
188,1986,2723378,1376530,1346848
643,1989,147351694,68868017,78483677
826,2002,59601520,29354615,30246905
376,1983,3907195,1945203,1961992
862,2033,36597787,18252439,18345348
328,1993,766800,384590,382210
234,2009,48856,25483,23373
624,2004,1386926,672701,714225
534,2004,32771,16022,16749
292,2015,29258,14709,14549
76,2033,226700848,111026626,115674222
654,1988,6588,3360,3228
266,2020,1876719,936955,939764
368,1994,19044950,9618813,9426137
356,2035,1519490869,784978240,734512629
831,2005,63133,30984,32149
728,2009,9053507,4601493,4452014
48,2044,1797104,1048830,748274
275,2018,2798494,1423388,1375106
776,1991,96474,48362,48112
214,2048,13591530,6807639,6783891
642,2036,19761507,9582658,10178849
417,2000,4937128,2430324,2506804
600,2035,8279336,4129902,4149434
214,1995,7758971,3939049,3819922
233,2047,955976,463477,492499
792,2024,84059885,42176284,41883601
512,2049,5352234,2817602,2534632
417,2018,5849296,2866450,2982846
630,2049,3009546,1438296,1571250
558,1985,3180138,1576977,1603161
634,1995,509712,333717,175995
831,2033,68033,33575,34458
320,1989,8730575,4388843,4341732
499,2040,609070,301047,308023
748,2026,1599074,810201,788873
686,1995,8378056,4077409,4300647
16,2043,49683,24031,25652
400,2040,10262870,5099716,5163154
840,2007,301231207,148064854,153166353
854,1992,8934969,4324119,4610850
804,1991,51730360,23954090,27776270
400,2049,11303849,5590197,5713652
148,2032,15607020,7598030,8008990
796,2032,68377,34216,34161
670,2039,97193,49044,48149
784,1996,2599579,1746058,853521
246,2021,5586757,2752509,2834248
76,2046,232460126,113246204,119213922
548,2015,272264,136189,136075
276,2043,73966235,35657480,38308755
426,1986,1586595,775977,810618
430,1997,2097451,1043280,1054171
32,2025,47333842,23442447,23891395
674,2010,31477,15274,16203
894,1983,6132709,3080428,3052281
792,1986,52120785,26360995,25759790
705,2004,2011473,978954,1032519
376,1984,3977784,1980779,1997005
178,1997,2695515,1326973,1368542
796,2022,58106,29229,28877
584,2005,59096,30159,28937
360,1983,159782359,79450396,80331963
434,2048,8888515,4508307,4380208
578,2033,5966575,3008609,2957966
795,2000,4385485,2173372,2212113
226,1983,299577,144556,155021
533,2013,109153,51756,57397
430,2009,3583392,1788328,1795064
222,2050,6181181,2949091,3232090
226,2028,996293,499034,497259
540,2016,275355,137603,137752
520,2000,9861,5031,4830
654,2029,7879,3909,3970
344,1994,6064948,3057297,3007651
203,2046,10309148,5111591,5197557
470,2024,421084,209859,211225
422,1984,3120549,1545470,1575079
212,2002,71534,35975,35559
68,2028,12947122,6406836,6540286
116,1977,6994224,3303991,3690233
184,2042,5804,2902,2902
44,2034,363571,178412,185159
682,2047,39375331,20924196,18451135
528,2041,17981573,8808295,9173278
600,1975,2848211,1419433,1428778
454,2033,32135535,15916310,16219225
748,2002,1193707,589281,604426
68,2022,11970899,5923537,6047362
340,2022,9741090,4909038,4832052
710,2040,65493980,32485062,33008918
454,2027,26616624,13181432,13435192
584,2021,79002,40102,38900
258,2035,319333,162184,157149
626,2046,2101345,1027948,1073397
222,2048,6215399,2964655,3250744
68,2012,10290003,5092276,5197727
831,2024,67609,33557,34052
296,1987,65588,32587,33001
807,2029,2116000,1051267,1064733
300,2033,10525590,5097659,5427931
780,2050,1023741,510485,513256
104,1995,43993977,21863652,22130325
36,2034,26765457,13403717,13361740
784,2025,7063346,4793871,2269475
516,2045,3914310,1932134,1982176
642,2044,18835658,9117401,9718257
776,2014,106440,53399,53041
740,1981,361170,179324,181846
818,2045,158377476,80755901,77621575
232,2024,6337914,3120321,3217593
516,1986,1234462,618172,616290
580,2035,69046,33353,35693
188,2021,5151722,2580125,2571597
368,2028,51069320,25802069,25267251
148,1995,6769686,3233003,3536683
740,2035,682810,342536,340274
324,1982,4636011,2234561,2401450
296,2041,133617,63577,70040
520,2030,10267,4694,5573
470,1997,382953,189382,193571
512,2010,2967717,1636334,1331383
740,1992,419565,210113,209452
31,2008,9111089,4481564,4629525
292,2033,29618,14731,14887
626,2012,1143667,575165,568502
534,2000,30784,15004,15780
140,1993,3367026,1645327,1721699
516,1991,1499367,751115,748252
840,1985,237923795,115729534,122194261
724,2039,53422951,26303847,27119104
850,2015,103574,48173,55401
24,1972,5949453,2958001,2991452
528,2050,17906594,8750547,9156047
24,1998,12013296,6054036,5959260
620,2028,10765567,5290599,5474968
8,2018,3057220,1510867,1546353
188,2030,5571096,2780815,2790281
262,2030,1109032,501231,607801
616,2021,38198325,18478520,19719805
380,2007,59626720,28806681,30820039
76,2007,190167417,94084257,96083160
850,2033,87595,39041,48554
422,1980,2901188,1440385,1460803
408,2020,25643466,12459465,13184001
120,2033,36789122,18404932,18384190
438,2036,42640,21287,21353
630,2033,3366203,1601891,1764312
124,2038,39816280,19628970,20187310
148,2008,10111337,4849605,5261732
674,2027,35523,17137,18386
231,1990,47554116,23907361,23646755
678,2021,214387,107038,107349
430,2026,5397703,2686366,2711337
300,2011,10760136,5265767,5494369
218,2022,17299503,8578621,8720882
296,2049,139126,65736,73390
268,1989,5398106,2560730,2837376
288,1970,8788945,4430750,4358195
40,2037,9129542,4455894,4673648
634,2034,2581871,1948160,633711
304,2008,57564,30442,27122
732,2016,587020,291278,295742
364,2014,80840713,41009318,39831395
380,2002,58076703,28024512,30052191
604,1987,20227047,10184531,10042516
894,1987,6985531,3502415,3483116
732,2008,460632,228371,232261
156,2019,1389618778,713730366,675888412
562,2013,16899327,8479763,8419564
64,1976,386566,203186,183380
616,2018,38420687,18597095,19823592
716,2028,18244803,9237029,9007774
804,2000,49013834,22702463,26311371
60,2026,73006,35267,37739
784,2013,5473972,3757961,1716011
192,1997,11013894,5512282,5501612
184,2010,11488,5944,5544
231,2014,96633458,48025696,48607762
410,2039,51583884,25716401,25867483
250,2002,61963618,30237967,31725651
732,1973,85430,43391,42039
92,1999,21811,10829,10982
442,2031,732867,369719,363148
654,2038,7741,3789,3952
64,2045,934296,477098,457198
586,2008,178479391,91672434,86806957
152,1997,14591015,7170894,7420121
328,2047,873524,435877,437647
380,2048,61652731,29527434,32125297
20,2032,83801,42398,41403
324,2025,15240839,7632299,7608540
434,2050,8970664,4542471,4428193
96,2014,422675,209789,212886
100,2027,6629723,3227311,3402412
430,2036,6570003,3266769,3303234
340,1996,5712837,2861587,2851250
180,1975,25032227,12169009,12863218
748,2048,1819910,944216,875694
729,2030,46337748,23145060,23192688
170,1986,30410385,15039980,15370405
833,2002,77190,37757,39433
446,2031,640997,300068,340929
826,1995,58186804,28455406,29731398
646,2048,26427742,13157671,13270071
499,2019,639905,318617,321288
704,2021,99521938,49945654,49576284
76,2030,223890497,109786250,114104247
231,2003,70174826,34967662,35207164
170,1995,36531834,18047244,18484590
148,1986,5214200,2527349,2686851
548,2047,421727,206578,215149
152,2045,19730901,9650141,10080760
16,2011,55198,27721,27477
554,2019,4580406,2278338,2302068
624,2005,1414159,686308,727851
674,1999,26595,12895,13700
136,2044,86271,41583,44688
392,2014,127103388,61697327,65406061
800,1994,19090249,9437377,9652872
410,2015,50645073,25351828,25293245
531,2030,154587,74620,79967
410,2013,50063069,25048467,25014602
748,1976,535618,259395,276223
760,2007,20543421,10438521,10104900
242,2049,1012661,506967,505694
694,2016,6018888,2924238,3094650
796,2025,61293,30789,30504
368,1991,17489877,8835456,8654421
440,2021,2700232,1247285,1452947
732,2022,685311,340215,345096
300,2001,10581515,5207149,5374366
764,2010,66720446,32868015,33852431
533,2022,122186,57759,64427
231,2023,124455289,61782889,62672400
694,1992,4246282,2068518,2177764
686,1990,7347606,3595785,3751821
831,2017,66502,33020,33482
780,2002,1245844,629162,616682
124,2043,40419134,19903048,20516086
28,2033,111894,52373,59521
56,2041,12607270,6192483,6414787
832,2024,103623,51117,52506
434,2022,7119719,3673226,3446493
56,1995,10155459,4968613,5186846
136,1997,34871,17049,17822
784,1999,3056080,2072060,984020
158,2022,23637437,11619323,12018114
184,1994,18417,9534,8883
50,2022,165768310,81375574,84392736
798,2003,10060,4924,5136
364,2029,92928761,46980623,45948138
548,2032,357260,176425,180835
76,2038,230158196,112485363,117672833
96,2015,429646,212754,216892
694,2027,7887107,3848734,4038373
258,2030,313528,159678,153850
262,1956,92870,46513,46357
275,2020,2900034,1474825,1425209
50,2009,144954330,72211366,72742964
76,2014,202656788,100012718,102644070
528,2019,17216476,8514773,8701703
364,2002,70283737,35751185,34532552
360,2050,300183166,149948259,150234907
710,2049,68284170,33884781,34399389
740,2043,707111,353499,353612
352,2001,284805,142570,142235
860,2014,28929716,14396548,14533168
12,2048,54877585,27616251,27261334
498,2005,3948261,1902891,2045370
246,2018,5537364,2726758,2810606
191,2044,3690097,1783891,1906206
410,2048,48581093,24080185,24500908
104,2043,68869109,34006312,34862797
410,2044,50100489,24897105,25203384
232,2050,8935060,4395656,4539404
32,2005,39367281,19418861,19948420
512,2045,5146558,2716785,2429773
887,2043,42703176,21432017,21271159
454,1983,6880285,3402766,3477519
646,2005,9611065,4774075,4836990
540,2008,244447,122799,121648
266,1996,1097708,543084,554624
534,2009,37099,18265,18834
208,1997,5283663,2609539,2674124
643,2010,142526896,66002772,76524124
760,2041,29197686,14642650,14555036
40,2015,8665550,4237226,4428324
598,2028,8148293,4127385,4020908
584,2036,93810,47334,46476
233,2028,1152221,545982,606239
422,2016,6237738,3124386,3113352
703,2012,5438951,2638697,2800254
352,2044,401252,198831,202421
663,2017,32125,15444,16681
316,2048,200656,100101,100555
24,2033,31375131,15872552,15502579
430,1975,1616510,817935,798575
380,2046,61862785,29644243,32218542
894,2025,20104997,10042467,10062530
376,1997,5642331,2820179,2822152
422,2030,5527627,2758850,2768777
598,1989,3585878,1914756,1671122
732,2017,603253,299361,303892
158,2031,23455024,11385637,12069387
40,2005,8314652,4048186,4266466
380,2047,61761450,29587377,32174073
440,2013,2943364,1355455,1587909
28,2000,75351,36059,39292
178,1993,2424881,1189654,1235227
826,2005,60487347,29879889,30607458
508,1997,16811392,8047320,8764072
292,2038,29341,14576,14765
414,2022,3066181,1774445,1291736
50,2025,170280989,83416544,86864445
132,2015,545993,264776,281217
818,2014,89959189,45957788,44001401
276,2031,77751849,37864214,39887635
120,1984,9887686,4943554,4944132
132,2021,590604,286967,303637
76,2026,219461193,107791466,111669727
450,1977,8011695,4005567,4006128
894,2024,19542094,9761652,9780442
184,2039,6011,3021,2990
84,2035,469281,237554,231727
554,2022,4681494,2326944,2354550
340,2023,9877140,4978415,4898725
780,2009,1229953,622549,607404
36,2041,27845402,13936025,13909377
780,2013,1225225,620731,604494
24,2000,12682502,6395518,6286984
360,2045,299465565,149731763,149733802
508,2048,56364913,28031265,28333648
120,1994,13447059,6739400,6707659
296,2042,134376,63882,70494
44,1983,220857,107272,113585
442,2037,778050,392015,386035
268,1993,5268584,2500248,2768336
320,2030,18797855,9251533,9546322
442,2017,594130,298602,295528
788,2022,11650414,5760561,5889853
620,2037,10555209,5206210,5348999
152,1989,12774248,6268558,6505690
788,1996,9072993,4566836,4506157
344,2008,7036409,3346280,3690129
356,2027,1422588029,737214112,685373917
663,2031,33526,15962,17564
52,2000,273680,132325,141355
729,2038,51883294,25831320,26051974
218,2049,21030432,10350999,10679433
380,2003,58336021,28158056,30177965
250,1993,59268430,28879152,30389278
222,2049,6198570,2956966,3241604
400,1994,4159452,2172007,1987445
104,2010,53414374,26555413,26858961
462,2024,389616,198033,191583
678,2001,143853,71533,72320
192,1981,9705971,4905960,4800011
231,1997,59076269,29553701,29522568
116,2021,17158314,8358607,8799707
832,2033,106872,52828,54044
626,1994,840374,432419,407955
92,2034,48173,22592,25581
795,2038,6304014,3104054,3199960
108,2038,21862837,10905077,10957760
584,2006,60451,30841,29610
288,1981,11362599,5577637,5784962
52,2008,283498,137136,146362
652,2001,7285,3897,3388
858,2002,3241594,1566907,1674687
388,2012,2889187,1429777,1459410
426,2015,1947701,961881,985820
180,1998,49348728,24418220,24930508
376,2012,7647578,3838483,3809095
690,1984,66499,33123,33376
288,1991,15892340,7932839,7959501
308,2017,111724,56616,55108
442,2020,628381,316464,311917
705,2035,1797624,869479,928145
392,1994,125046546,61317043,63729503
620,2016,10833816,5291305,5542511
454,2015,17964697,8889681,9075016
36,1993,17607798,8785027,8822771
512,1995,2138569,1239081,899488
50,2026,171725139,84066407,87658732
860,2019,30296157,15070562,15225595
512,2014,3219775,1758700,1461075
566,1956,37006981,19034217,17972764
608,2024,115790864,58078793,57712071
414,1995,1664348,961422,702926
446,2002,438977,210515,228462
716,1986,8876783,4398722,4478061
654,1997,7061,3587,3474
233,1994,1467535,681663,785872
392,2046,110180604,52957386,57223218
16,2004,57094,28915,28179
203,2031,10608327,5235618,5372709
792,2030,86670994,43375258,43295736
417,2020,5964897,2922217,3042680
96,2043,604592,285013,319579
634,2028,2590660,1977625,613035
795,2002,4502617,2232401,2270216
384,2018,24627473,12444730,12182743
728,2013,11090104,5629975,5460129
798,1985,8156,3872,4284
222,2015,6141350,2955772,3185578
56,1993,10085426,4932608,5152818
140,2019,5867019,2914554,2952465
524,1972,12388524,6280301,6108223
710,2018,55380210,27387004,27993206
756,2002,7348652,3598231,3750421
524,1987,17272792,8694350,8578442
702,2011,5246787,2576291,2670496
384,1990,12490877,6383551,6107326
652,2045,6662,3463,3199
174,1998,518339,253131,265208
140,2001,4053927,1992000,2061927
148,2020,12755612,6174442,6581170
706,2044,20298992,10084238,10214754
768,1982,2816600,1403502,1413098
800,1997,20813102,10314365,10498737
690,1983,65846,32851,32995
92,2016,34232,16382,17850
250,2017,67106161,32849414,34256747
44,2038,367504,180341,187163
196,2020,1266676,647166,619510
90,1979,222917,115183,107734
634,1993,478960,315046,163914
44,1990,245126,119207,125919
703,2027,5381288,2609300,2771988
90,2031,819489,418059,401430
4,2030,45664663,23069894,22594769
214,2043,13300107,6675349,6624758
498,2037,2718332,1344293,1374039
144,1992,17202861,8576796,8626065
340,1990,4794025,2394842,2399183
500,2013,5189,2594,2595
92,2015,33454,16033,17421
90,2039,909840,463543,446297
40,2041,9135268,4452974,4682294
702,2022,6421713,3133879,3287834
156,1992,1182230625,608404699,573825926
300,2031,10564341,5121651,5442690
598,2008,5816233,2994825,2821408
4,2002,23600088,12008285,11591803
674,2038,36357,17480,18877
566,1982,79519450,40952263,38567187
792,1985,50988566,25796802,25191764
748,2034,1697225,868022,829203
214,2009,9690787,4912329,4778458
478,1987,1805394,876048,929346
170,2037,54786919,27051508,27735411
232,2034,7247786,3570536,3677250
31,2009,9206777,4533864,4672913
434,2001,5135952,2655186,2480766
534,1995,31928,15687,16241
132,2012,523568,253608,269960
332,2022,11343157,5597743,5745414
703,2049,4880990,2362045,2518945
304,2024,57296,29597,27699
694,2046,12438558,6102174,6336384
242,1988,726371,368231,358140
688,2038,6368481,3097610,3270871
191,2018,4270480,2059514,2210966
344,2028,7292998,3346632,3946366
12,2039,51643341,26076878,25566463
499,2050,577654,283003,294651
620,2023,10825728,5306946,5518782
807,2033,2104531,1044544,1059987
624,2049,2862540,1409302,1453238
548,2029,342988,169699,173289
524,2040,33450089,16541086,16909003
674,2000,27079,13120,13959
818,2048,164793110,83990953,80802157
764,2039,68879177,33387910,35491267
328,1984,762072,379459,382613
270,1989,912247,453744,458503
586,2047,284805334,144071962,140733372
663,2036,33902,16095,17807
434,2007,5786146,3001907,2784239
320,2026,17816081,8773520,9042561
192,2041,10348638,5090295,5258343
372,2005,4199185,2099821,2099364
678,1999,137666,68402,69264
72,1999,1642943,805698,837245
36,2010,21515754,10780916,10734838
800,2050,93476229,46469139,47007090
558,1988,3403564,1682674,1720890
120,2013,22534532,11301657,11232875
788,2005,10012905,5016265,4996640
807,2003,2035145,1017368,1017777
324,2005,9153730,4572308,4581422
0,2002,1737479,893228,844251
112,2049,8387053,3924147,4462906
414,1992,1402721,788581,614140
8,2039,3009087,1472003,1537084
492,2027,32033,15449,16584
492,2002,31654,15454,16200
616,2032,36625647,17659836,18965811
384,2013,22400835,11340225,11060610
384,1987,11105274,5686383,5418891
192,2032,10736939,5303711,5433228
275,2049,4179053,2107513,2071540
226,2038,1198326,601227,597099
292,2026,29763,14861,14902
678,2034,256705,128131,128574
780,2036,1110998,559770,551228
178,2015,4755097,2383900,2371197
663,2024,32963,15778,17185
620,2030,10731139,5278510,5452629
807,2050,1990728,983888,1006840
558,2017,6025951,2939963,3085988
426,2023,1973018,977764,995254
170,2020,49084841,24255454,24829387
262,1954,88000,44076,43924
132,2049,738860,357750,381110
191,2015,4335250,2090702,2244548
170,2007,42597321,21047481,21549840
591,2003,3053605,1542557,1511048
31,2006,8919169,4376953,4542216
728,2008,8585194,4364956,4220238
716,1999,11733078,5806443,5926635
554,2026,4805528,2385596,2419932
204,2022,12588707,6341063,6247644
450,2028,32127483,16057538,16069945
258,2031,314857,160271,154586
585,2036,22865,11357,11508
454,2001,11435630,5641598,5794032
800,1991,17125765,8458290,8667475
578,2011,4955373,2480664,2474709
222,2042,6302090,3005850,3296240
764,2028,69740853,34011806,35729047
96,2048,628926,294809,334117
212,2016,73757,37240,36517
212,1994,70922,35398,35524
50,2024,168804192,82750156,86054036
212,2035,72358,36430,35928
96,2027,512080,247519,264561
208,2018,5618075,2763683,2854392
796,2034,70325,35146,35179
214,1993,7494284,3804763,3689521
804,2010,45768171,21114528,24653643
458,2040,40123716,20127117,19996599
690,2019,95321,49194,46127
174,2007,656937,319309,337628
268,1997,4916657,2329534,2587123
218,2012,15223680,7570777,7652903
356,2047,1633655281,838942431,794712850
360,2011,246065161,123038335,123026826
454,2013,16806366,8315551,8490815
600,2001,5523401,2772800,2750601
580,2010,53517,25729,27788
8,1989,3195800,1644826,1550974
368,2050,76519418,38550342,37969076
132,2046,728905,353331,375574
659,2038,57374,28564,28810
760,2035,27562862,13844319,13718543
108,2047,28090154,14007472,14082682
360,1993,191081420,95172454,95908966
831,2001,62168,30303,31865
854,1994,9570647,4642407,4928240
440,2006,3271019,1518365,1752654
752,1995,8877890,4386799,4491091
144,2010,21083826,10325764,10758062
585,2033,22708,11366,11342
826,1993,57854243,28248403,29605840
24,2007,15651757,7906250,7745507
854,1979,6168269,3024689,3143580
404,2003,33244826,16550877,16693949
466,2024,21935817,10666320,11269497
16,2019,53866,26791,27075
231,2029,145461830,72173455,73288375
450,1980,8691245,4340060,4351185
484,1991,86192159,42581033,43611126
191,2032,3977036,1923489,2053547
670,2003,106882,53933,52949
831,2021,67213,33387,33826
702,2038,7893053,3822381,4070672
232,2006,4844793,2383613,2461180
120,2009,20262861,10163000,10099861
344,2020,7249907,3361342,3888565
364,2018,84718095,42943604,41774491
442,1998,426408,209750,216658
704,2011,90549390,45168885,45380505
352,2009,318453,160999,157454
484,1995,92583839,45730511,46853328
266,2050,3229741,1634511,1595230
376,2027,9559223,4807954,4751269
492,2001,31843,15545,16298
316,2046,199560,99632,99928
288,1993,16637953,8291167,8346786
818,2024,113284986,57874324,55410662
620,2042,10363537,5119269,5244268
760,2042,29451529,14765661,14685868
818,2006,74207202,37898115,36309087
84,1998,235126,119292,115834
376,2037,10844293,5450791,5393502
850,2008,107091,50477,56614
558,1989,3492060,1725977,1766083
324,2001,8416924,4195694,4221230
524,2047,33431454,16568842,16862612
540,2025,307452,152947,154505
470,2011,408333,203140,205193
292,2031,29696,14783,14913
466,2040,32026861,15544837,16482024
531,2040,153657,74709,78948
68,1997,7695149,3809875,3885274
478,1999,2436909,1174798,1262111
380,2028,62626095,30153238,32472857
882,2013,195476,100052,95424
360,2016,258316051,129238669,129077382
660,1998,10754,5389,5365
268,2022,4933639,2361383,2572256
234,2042,56370,28761,27609
372,2042,6094255,3021709,3072546
729,2040,53187898,26462481,26725417
682,1994,18202417,10262015,7940402
686,2046,25721164,12489990,13231174
324,2035,19353804,9695535,9658269
31,2048,11215311,5546853,5668458
68,2050,16003638,7912569,8091069
328,2011,741975,374707,367268
608,2012,96190033,48298983,47891050
96,2045,614537,289000,325537
364,1986,50464352,25766390,24697962
732,1977,81301,39989,41312
152,2006,16130386,7929429,8200957
300,2043,10280895,4950385,5330510
232,1995,3361437,1648779,1712658
562,2039,35517860,17760354,17757506
780,2019,1212401,614514,597887
288,2044,47204354,23188187,24016167
48,2033,1675951,987296,688655
834,1990,24804769,12199142,12605627
458,1987,16578904,8389573,8189331
580,2015,52344,25206,27138
4,2028,43845862,22162356,21683506
132,2003,454825,219411,235414
534,1997,31594,15476,16118
694,2026,7691449,3751750,3939699
144,1983,15637137,7921753,7715384
702,2040,8035916,3887756,4148160
780,2021,1204689,610517,594172
404,1983,18348477,9134211,9214266
184,2014,10134,5235,4899
158,1997,21638532,11118087,10520445
296,2047,137857,65251,72606
492,2044,31444,15080,16364
832,2035,107184,53000,54184
262,2046,1349809,615845,733964
876,2014,15561,7880,7681
608,2025,117445897,58901104,58544793
296,2004,91122,45101,46021
328,1988,766550,382782,383768
666,2004,6246,3113,3133
642,2014,21729871,10575981,11153890
533,2016,113648,53828,59820
184,2015,9838,5079,4759
31,2018,10046516,4980655,5065861
706,2042,19531106,9713983,9817123
12,2004,32450849,16405043,16045806
124,2042,40306561,19851023,20455538
104,2030,64102648,31772874,32329774
548,2033,361966,178641,183325
300,2035,10484604,5072375,5412229
288,2048,50655542,24880164,25775378
792,1988,54356391,27474627,26881764
226,2034,1118059,560736,557323
520,1996,9830,5020,4810
834,1987,22788161,11203062,11585099
686,1988,6912574,3392376,3520198
352,2034,386581,192581,194000
208,2021,5654265,2776748,2877517
446,2034,643006,299691,343315
308,2029,115428,58510,56918
96,1999,317901,164801,153100
591,2029,4283499,2146812,2136687
292,2024,29735,14867,14868
652,1995,6145,3295,2850
428,2026,1750604,814626,935978
426,2027,1964800,975603,989197
410,2045,49745720,24704685,25041035
246,2009,5330210,2613609,2716601
50,1992,110604795,56442073,54162722
48,2042,1778571,1039728,738843
12,2007,34002400,17195725,16806675
585,2010,20879,11078,9801
800,2028,55304009,27500808,27803201
296,2014,104488,51091,53397
208,2022,5665959,2780856,2885103
234,2018,51018,26502,24516
52,1983,254847,121218,133629
854,2034,32419836,16149374,16270462
578,2001,4515195,2236935,2278260
408,2029,26613682,12952842,13660840
360,2043,298628815,149359919,149268896
682,2020,29818901,16134715,13684186
662,2024,168174,81562,86612
268,2047,4756334,2290320,2466014
120,2010,20822264,10443525,10378739
724,2037,53314194,26266313,27047881
682,2016,28160273,15306099,12854174
196,2050,1392078,706175,685903
20,2025,85112,43463,41649
320,2022,16790550,8273115,8517435
208,2001,5355826,2647596,2708230
398,2045,21877303,10219255,11658048
356,2032,1484986826,768200540,716786286
600,2025,7602853,3805497,3797356
788,2044,12284500,5919856,6364644
832,2041,107547,53236,54311
659,2048,56693,28054,28639
148,2007,9885661,4737373,5148288
682,2008,24917413,13747230,11170183
414,2037,3539780,2000514,1539266
404,2047,68914166,34290685,34623481
558,1986,3248094,1608419,1639675
604,2012,29549517,14579722,14969795
756,2022,8511888,4201950,4309938
276,2030,78021581,38024713,39996868
324,2040,21608257,10825412,10782845
508,2031,37545861,18542308,19003553
499,2015,647073,322317,324756
208,2044,5646519,2742554,2903965
660,2032,21991,10172,11819
670,2035,98312,49783,48529
566,1960,41550334,21384731,20165603
204,2013,9877292,4954839,4922453
548,2034,366632,180837,185795
798,2001,10045,4919,5126
626,2024,1508354,751359,756995
768,2021,8829018,4378798,4450220
356,2004,1074159021,556726711,517432310
418,2004,5746043,2848471,2897572
666,2010,5943,2933,3010
854,1981,6474370,3154690,3319680
662,2034,169826,81880,87946
0,2028,2040036,1049573,990463
834,1993,27114589,13344658,13769931
384,2045,35411925,17777237,17634688
887,2005,20002597,10153733,9848864
426,2036,1921443,958953,962490
56,2002,10326359,5055410,5270949
591,2034,4468561,2235426,2233135
705,2013,1992690,970395,1022295
788,2016,11134588,5532780,5601808
643,2007,142441276,65996155,76445121
616,2005,38556604,18705782,19850822
4,1981,13676225,7017714,6658511
860,2048,34995571,17252489,17743082
688,2026,6811682,3318251,3493431
417,2013,5548042,2720649,2827393
16,2040,50182,24343,25839
268,2011,4938341,2359536,2578805
663,2006,28414,13648,14766
192,1992,10780309,5421162,5359147
140,2004,4288752,2111662,2177090
132,1987,325869,153848,172021
807,2030,2113860,1049956,1063904
262,2035,1194122,540219,653903
659,2018,53094,26568,26526
144,2019,22736505,11101235,11635270
585,2016,21347,11133,10214
242,1996,778890,395574,383316
492,2004,31268,15290,15978
702,1998,3868483,1919901,1948582
686,2035,21429639,10392002,11037637
694,1990,4228201,2064676,2163525
120,2042,44577316,22264890,22312426
554,2006,4089964,2033973,2055991
16,2014,54517,27278,27239
516,2049,4109145,2029026,2080119
208,2020,5642297,2772476,2869821
484,2024,133662249,65420255,68241994
124,2027,37980778,18795167,19185611
156,2009,1330233426,685141315,645092111
729,2017,37345935,18793678,18552257
398,1994,16663072,8067861,8595211
262,2004,657413,310146,347267
104,1985,36765870,18266368,18499502
643,1991,148298981,69440323,78858658
840,2028,354698370,175174341,179524029
212,2006,72247,36386,35861
417,2008,5298689,2601679,2697010
417,2050,7063351,3444590,3618761
104,2000,47438868,23586766,23852102
666,2034,4461,2101,2360
454,2047,47956757,23739858,24216899
48,2008,1107292,671655,435637
520,2046,11595,5178,6417
826,2006,60846809,30078887,30767922
31,2032,10863949,5382951,5480998
654,2042,7622,3712,3910
604,2023,32757516,16024218,16733298
528,2040,17981695,8811900,9169795
442,1995,409619,201105,208514
862,2031,36050436,17978957,18071479
894,1999,9692594,4845972,4846622
784,2009,4798491,3296559,1501932
430,2034,6333496,3149724,3183772
84,2019,373257,188997,184260
833,2039,94425,47366,47059
704,2043,110351595,55307249,55044346
478,2046,6209881,2989673,3220208
408,2016,25115311,12186422,12928889
100,2033,6333923,3084458,3249465
144,2022,23175613,11305806,11869807
566,1958,39210202,20174941,19035261
300,2039,10392206,5016197,5376009
598,2001,4937454,2568622,2368832
586,1997,141445497,72763565,68681932
732,2013,538811,267277,271534
674,2006,29953,14529,15424
462,2027,391254,194608,196646
646,1991,7143743,3522538,3621205
498,2040,2608429,1292296,1316133
31,2047,11213488,5545872,5667616
862,2024,33866376,16883031,16983345
784,2004,3907949,2675537,1232412
418,2044,9653679,4770824,4882855
748,1983,672409,326951,345458
800,2022,46304576,23016679,23287897
887,2041,41667902,20926024,20741878
233,2006,1322944,609710,713234
50,2010,146615872,72922837,73693035
28,2049,122478,56866,65612
762,2048,11965366,5915965,6049401
340,2013,8448465,4250891,4197574
492,2030,32381,15579,16802
768,2006,5865402,2906650,2958752
450,1981,8938764,4462251,4476513
729,2022,40552849,20339341,20213508
792,2045,89625177,44469086,45156091
832,2029,105816,52266,53550
729,2037,51215612,25508155,25707457
646,2045,24858679,12381831,12476848
276,2040,74983699,36242294,38741405
652,2035,6914,3615,3299
776,2002,101452,50872,50580
558,2023,6379330,3108939,3270391
52,2048,284661,135468,149193
300,2030,10583029,5133242,5449787
724,2007,45211636,22292510,22919126
184,2034,6453,3267,3186
212,2037,71625,36024,35601
702,2042,8168819,3948213,4220606
417,2047,7005202,3416324,3588878
90,2033,842923,429898,413025
591,2036,4534880,2266880,2268000
454,1989,8956112,4416911,4539201
178,2010,4237641,2123699,2113942
504,2022,35581068,17438652,18142416
862,2028,35165517,17535809,17629708
534,2012,39088,19277,19811
528,2010,16573840,8195609,8378231
534,2013,39689,19579,20110
804,2036,40312674,18775364,21537310
876,2005,15094,7559,7535
56,2036,12469633,6134809,6334824
404,2027,54509121,27183314,27325807
0,2047,2212216,1126632,1085584
688,2000,7604335,3710939,3893396
440,1990,3683732,1743094,1940638
344,2041,6996654,3143646,3853008
642,2032,20184910,9796084,10388826
250,2016,66836154,32711761,34124393
120,2000,15817991,7929968,7888023
620,2020,10842038,5306576,5535462
90,2049,1007144,511792,495352
152,2000,15174571,7458882,7715689
496,2013,2912192,1430558,1481634
716,1983,7928344,3927902,4000442
226,2035,1138211,570918,567293
882,2039,230241,115554,114687
328,2008,755767,381554,374213
68,2039,14600657,7223127,7377530
508,2043,50183553,24924259,25259294
28,2007,83425,39724,43701
834,2029,74178035,37098234,37079801
531,2017,149648,71728,77920
344,2006,6955186,3336644,3618542
44,2029,356547,174937,181610
533,2018,116576,55178,61398
666,2046,3734,1725,2009
586,2027,234213605,119819199,114394406
528,2000,15930181,7879419,8050762
674,2043,36127,17350,18777
430,2043,7393130,3673569,3719561
450,2038,38508978,19223136,19285842
156,2026,1407631130,719763886,687867244
702,1991,3152032,1582915,1569117
20,2018,85708,44075,41633
624,2010,1565126,762009,803117
554,2028,4861598,2411700,2449898
807,2040,2068551,1024762,1043789
388,2007,2782221,1375290,1406931
862,2045,39118591,19506648,19611943
760,2009,21389802,10863662,10526140
804,1993,51887206,24082067,27805139
376,2009,7232112,3626522,3605590
496,2040,3569192,1710371,1858821
670,2029,99657,50646,49011
792,1991,57546504,29071668,28474836
360,2019,264935824,132586665,132349159
120,2001,16242956,8143105,8099851
174,1987,401425,197760,203665
534,2006,34559,16953,17606
414,1990,2131160,1237536,893624
659,2027,55924,27974,27950
807,2034,2100525,1042282,1058243
100,2022,6872999,3348120,3524879
834,2036,87996069,44042321,43953748
788,2000,9507986,4776471,4731515
499,1993,635875,316288,319587
276,2011,81471834,40014040,41457794
702,2008,4930613,2425510,2505103
524,2032,32768410,16166460,16601950
156,2029,1405690102,717066553,688623549
414,2043,3701596,2075421,1626175
296,2050,139738,65967,73771
710,2032,62367595,30892422,31475173
524,2014,28311268,13712870,14598398
704,1992,69979722,34346766,35632956
212,2019,74144,37449,36695
792,2009,73875971,37238753,36637218
496,2045,3632423,1734340,1898083
584,2028,86237,43654,42583
462,2032,407303,202520,204783
430,2011,3786764,1888994,1897770
659,2009,49480,24680,24800
262,2045,1337445,609533,727912
608,1996,70096910,35140612,34956298
807,2048,2008566,993104,1015462
498,2024,3214929,1577360,1637569
418,2025,7971675,3954332,4017343
340,2042,12162326,6141288,6021038
792,1994,60364174,30498964,29865210
784,2045,8024094,5299788,2724306
328,2006,768339,387723,380616
454,2020,21196629,10492482,10704147
528,2044,17967466,8792044,9175422
48,2010,1180080,715447,464633
296,2012,101998,49997,52001
654,2010,7670,3883,3787
384,2019,25067462,12663059,12404403
798,2008,10339,5077,5262
144,2048,25171709,12243164,12928545
646,1989,6816864,3358351,3458513
706,1983,6010345,2932889,3077456
558,2047,7213694,3514154,3699540
232,1988,2890943,1418933,1472010
584,1998,51555,26353,25202
92,2019,36591,17439,19152
882,2014,196628,100543,96085
686,2036,21821093,10583331,11237762
430,2028,5628599,2800702,2827897
24,1995,10999585,5537132,5462453
826,2036,69557400,34640351,34917049
694,1999,3735565,1809288,1926277
834,2035,85945931,43013157,42932774
792,2044,89609800,44489591,45120209
320,2020,16264340,8015916,8248424
90,2048,998335,507469,490866
324,2042,22540603,11292367,11248236
504,2037,39612326,19304529,20307797
586,2013,193238868,99252290,93986578
426,1987,1615692,790121,825571
410,2000,46840607,23492476,23348131
380,2001,57931053,27957240,29973813
233,2029,1141732,541682,600050
583,2033,92148,44550,47598
418,2011,6477211,3213631,3263580
566,2026,235986350,120188348,115798002
554,2020,4614669,2294886,2319783
876,1999,14518,7202,7316
36,2037,27250898,13642304,13608594
694,2044,11885892,5828714,6057178
328,2009,750463,378940,371523
352,2027,371919,185921,185998
858,1999,3207949,1553604,1654345
148,1992,6263272,2991364,3271908
492,2023,31363,15172,16191
100,2045,5767315,2816049,2951266
688,1998,7675298,3748826,3926472
422,2019,5847294,2924897,2922397
498,2047,2362916,1177561,1185355
796,2044,79528,39442,40086
533,2024,124843,58980,65863
60,2043,71927,34622,37305
492,2021,31068,15052,16016
136,2040,82799,39954,42845
462,1994,253376,133926,119450
818,2011,83298127,42543255,40754872
0,2009,1804838,929031,875807
214,1987,6656963,3380974,3275989
466,2038,30736630,14922116,15814514
428,2038,1490096,702004,788092
4,1999,22205667,11311882,10893785
170,2044,55859561,27554760,28304801
732,2039,979504,486093,493411
242,1992,752740,381920,370820
44,1998,275992,134484,141508
31,2005,8825439,4325880,4499559
528,2043,17974090,8798171,9175919
484,2049,150471915,72993257,77478658
308,2016,111219,56339,54880
440,2026,2541302,1177123,1364179
585,2029,22419,11331,11088
178,2040,8342416,4169691,4172725
70,2044,3389294,1639606,1749688
498,2041,2572484,1275353,1297131
728,2016,12530717,6356460,6174257
170,2015,46736728,23090612,23646116
670,2024,100596,51189,49407
780,2017,1218208,617448,600760
466,1980,6868023,3354446,3513577
174,1993,461184,226046,235138
328,2041,860922,430616,430306
222,2018,6187271,2972919,3214352
728,2041,23275079,11752657,11522422
340,1989,4656018,2324752,2331266
533,2002,92170,43918,48252
434,2002,5245124,2713508,2531616
652,1997,6552,3511,3041
818,1997,61642311,31553862,30088449
440,2017,2823859,1301923,1521936
196,1995,847345,427330,420015
68,2035,14024072,6938798,7085274
818,2044,156204632,79658424,76546208
643,2005,143319518,66535882,76783636
414,2050,3863453,2149781,1713672
818,2046,160536211,81845388,78690823
51,2017,3045191,1476197,1568994
292,2041,29145,14480,14665
100,2034,6285396,3061432,3223964
417,2001,4976833,2449102,2527731
0,1991,1897630,968247,929383
470,2002,393515,194980,198535
196,1991,766231,384314,381917
500,2041,5800,2903,2897
531,2018,150241,72050,78191
662,2005,157371,76985,80386
414,2025,3169497,1825205,1344292
688,2007,7447093,3631986,3815107
242,2047,1010357,506397,503960
788,2034,12201457,5957948,6243509
652,2006,7575,4042,3533
600,1977,2975427,1483465,1491962
300,2047,10148008,4874472,5273536
76,2044,232231427,113222110,119009317
300,2024,10686705,5198026,5488679
44,2017,329988,161681,168307
762,2026,9631856,4786209,4845647
484,1987,79903511,39500127,40403384
400,2012,6668145,3378492,3289653
246,2004,5220193,2553270,2666923
360,2028,281964801,141174678,140790123
40,2018,8793370,4304783,4488587
380,2031,62613434,30129304,32484130
562,2050,44221854,22049437,22172417
266,2014,1672597,832597,840000
804,2025,42887993,19903225,22984768
92,2041,53233,24829,28404
831,2037,67888,33402,34486
203,2034,10548158,5209419,5338739
276,2029,78282187,38180293,40101894
598,2022,7487936,3806184,3681752
356,2000,1006300297,521036661,485263636
756,2045,9397652,4612327,4785325
666,2044,3849,1782,2067
496,2037,3522790,1692202,1830588
120,2021,27651972,13858764,13793208
422,2039,5669990,2824858,2845132
666,2014,5716,2801,2915
706,1998,6991663,3507961,3483702
320,2017,15460732,7622576,7838156
616,2047,33460537,16117834,17342703
478,2002,2631845,1268114,1363731
788,2037,12255137,5961648,6293489
660,2013,15754,7572,8182
760,2025,24537876,12347908,12189968
762,1993,5546629,2758130,2788499
270,2002,1430711,709650,721061
831,2031,68034,33625,34409
320,2018,15730576,7754734,7975842
132,2022,597891,290581,307310
780,2020,1208789,612651,596138
100,2000,7908664,3880324,4028340
834,1991,25503557,12545631,12957926
660,2017,17087,8134,8953
796,2050,84240,41560,42680
894,2000,9983878,4991469,4992409
222,2047,6231631,2972146,3259485
20,2014,85458,44082,41376
250,2023,68487855,33547275,34940580
288,2007,22068569,10910186,11158383
706,1988,6918288,3383691,3534597
764,2020,68977400,33791358,35186042
616,2000,38654162,18783149,19871013
652,2038,6846,3571,3275
304,2015,57733,30248,27485
268,2017,4926330,2356432,2569898
860,1992,21609643,10688454,10921189
704,1994,72559537,35677730,36881807
703,2030,5334806,2585335,2749471
578,2027,5761143,2909539,2851604
376,2010,7368099,3695846,3672253
832,2000,87379,42608,44771
826,2011,62698362,31118895,31579467
798,2002,10039,4914,5125
180,2026,101122048,50473650,50648398
504,2046,41402647,20108659,21293988
288,1971,9065245,4567362,4497883
428,2012,2051103,940164,1110939
558,2016,5966798,2912248,3054550
706,2049,22236196,11016991,11219205
520,1995,9821,5016,4805
24,2005,14769556,7457362,7312194
831,2025,67710,33591,34119
408,2036,26989410,13121968,13867442
604,2033,35029309,17024987,18004322
604,2047,36773297,17717494,19055803
212,2049,65433,32694,32739
440,2018,2793284,1288376,1504908
400,2003,5127793,2632939,2494854
548,2048,425451,208300,217151
634,2007,1268260,930021,338239
434,2015,6411776,3321307,3090469
178,2046,9445353,4715147,4730206
780,2018,1215527,616102,599425
316,2000,155324,79423,75901
831,1996,60978,29376,31602
288,1992,16233043,8096665,8136378
32,2006,39761782,19614571,20147211
792,1999,65035346,32856137,32179209
586,1984,99354344,51531708,47822636
626,2029,1659851,823502,836349
832,2030,106141,52438,53703
50,1984,92379840,47567692,44812148
356,2018,1296834042,673113348,623720694
660,1997,10438,5239,5199
498,1997,4304362,2058130,2246232
716,2019,15512471,7800245,7712226
860,2025,31823964,15814384,16009580
344,1991,5752000,2938200,2813800
524,2021,30606486,15017129,15589357
108,1989,5381778,2638188,2743590
442,2015,570252,286060,284192
222,2036,6350451,3031688,3318763
266,1993,1013159,500928,512231
214,1981,5831714,2962396,2869318
208,2036,5722694,2787167,2935527
226,2003,535927,264398,271529
56,2010,10865722,5329168,5536554
706,2046,21069906,10455571,10614335
798,2047,13258,6684,6574
398,2029,20272553,9571704,10700849
76,1989,146797954,73020682,73777272
466,1986,7788079,3798445,3989634
591,2038,4596416,2295865,2300551
554,1999,3783756,1876108,1907648
562,2022,22496149,11283561,11212588
258,2011,271687,139248,132439
52,1991,263336,126526,136810
380,2021,62455904,30093718,32362186
120,2002,16694951,8369811,8325140
214,2050,13690264,6851430,6838834
214,1988,6798773,3452747,3346026
624,2011,1596677,777850,818827
191,2035,3908660,1890788,2017872
0,1998,1966249,1006296,959953
48,2003,781004,455504,325500
534,2049,52914,26043,26871
232,1984,2862243,1422599,1439644
242,1997,785608,399063,386545
356,2046,1625562058,835202011,790360047
646,1999,8222350,4066538,4155812
534,2021,44418,21930,22488
51,2023,2987849,1459602,1528247
100,2021,6920315,3371950,3548365
40,1992,7914969,3822511,4092458
52,2010,285653,138193,147460
807,2036,2091318,1037157,1054161
531,1998,137576,65190,72386
316,2007,158967,80930,78037
585,2048,22963,11132,11831
270,2034,2695824,1329112,1366712
16,2012,54947,27561,27386
660,2000,11426,5698,5728
191,1994,4499274,2163603,2335671
51,2048,2518074,1266018,1252056
174,1992,450727,221092,229635
654,2003,7386,3747,3639
440,2048,1859396,876736,982660
702,2047,8461153,4079796,4381357
352,2016,335878,168317,167561
608,1993,65504005,32826384,32677621
356,2044,1608664662,827343291,781321371
60,2013,69467,33600,35867
710,2007,49371903,24478424,24893479
380,2027,62620188,30155353,32464835
666,2006,6150,3055,3095
28,2030,109076,51146,57930
203,2038,10469734,5176515,5293219
585,2044,23023,11225,11798
554,2035,5022523,2484832,2537691
834,2018,55451343,27662098,27789245
344,2022,7276666,3365998,3910668
512,2015,3286936,1791594,1495342
72,1992,1344726,647722,697004
414,2013,2695316,1582113,1113203
558,1992,4006508,1993294,2013214
51,1998,3106213,1466178,1640035
598,2010,6064515,3115245,2949270
8,2008,2984121,1478276,1505845
246,1993,5064846,2462774,2602072
246,2024,5622416,2770307,2852109
204,2009,8791832,4398724,4393108
132,1980,296446,136078,160368
292,1991,28103,14184,13919
652,2020,7122,3768,3354
72,2042,2726130,1460267,1265863
764,2048,66691859,32210233,34481626
212,1985,73109,36325,36784
531,1995,141586,67077,74509
508,2016,25930150,12670700,13259450
516,2012,2249438,1094908,1154530
438,2026,40757,20321,20436
250,2013,65951611,32260486,33691125
686,1986,6549785,3225296,3324489
462,2047,440261,218310,221951
504,2002,28838895,14259385,14579510
218,2043,20497051,10102577,10394474
732,1971,88949,46393,42556
404,2033,58728878,29280085,29448793
728,2049,26460347,13347365,13112982
512,2040,4879036,2584435,2294601
652,1983,3418,1718,1700
795,2041,6391406,3143651,3247755
332,2036,13135315,6444121,6691194
756,2006,7478651,3664556,3814095
92,2009,28895,13992,14903
660,1996,10138,5093,5045
478,1989,1885828,913291,972537
191,2007,4437353,2135044,2302309
266,2039,2668829,1344709,1324120
275,2010,2404468,1223039,1181429
438,2019,38844,19326,19518
0,2041,2176529,1113051,1063478
8,2015,3029278,1498263,1531015
426,2021,1971564,976173,995391
352,2038,393263,195475,197788
120,1979,8436344,4212128,4224216
270,2042,2964284,1460619,1503665
384,2026,28072054,14154449,13917605
178,1991,2286231,1119499,1166732
0,2003,1747530,898502,849028
320,1994,9779108,4915905,4863203
8,2006,3005779,1492016,1513763
191,2021,4206791,2029431,2177360
484,1980,68347479,33888880,34458599
368,2002,24779946,12531249,12248697
372,2012,4722028,2358054,2363974
531,2039,153899,74764,79135
70,1991,4328421,2158982,2169439
798,2024,11727,5820,5907
320,2037,20404119,10031754,10372365
50,1997,121880765,61770003,60110762
762,2025,9510130,4726513,4783617
531,1996,140340,66496,73844
144,2015,22053488,10781433,11272055
414,2010,2543172,1498615,1044557
108,2033,18874229,9414332,9459897
600,2014,6703860,3362919,3340941
84,2031,446757,226189,220568
112,1994,10238044,4804578,5433466
798,1983,7823,3695,4128
466,1982,7157684,3494365,3663319
430,1985,2161750,1100883,1060867
682,2019,29401901,15924594,13477307
170,1996,37097908,18325989,18771919
324,2000,8350413,4157107,4193306
850,2034,86475,38445,48030
204,2038,18010205,9095634,8914571
834,2048,114029893,57067778,56962115
268,1991,5430453,2579402,2851051
446,2032,641893,300061,341832
832,2049,107580,53356,54224
646,2044,24348728,12129544,12219184
470,2035,415574,206731,208843
340,2046,12567279,6344732,6222547
780,1985,1189032,595021,594011
788,2024,11787868,5818059,5969809
344,2007,7003726,3343708,3660018
678,2046,296405,147725,148680
876,1997,14250,7046,7204
784,1993,2184199,1455130,729069
400,2038,10016101,4982573,5033528
580,2028,64198,31027,33171
800,2023,47740753,23732390,24008363
876,2036,16020,8165,7855
64,2016,750125,391319,358806
208,2027,5714820,2796438,2918382
764,2035,69446393,33734532,35711861
446,2004,455227,216894,238333
704,2036,108242867,54327999,53914868
585,2009,20796,11066,9730
850,2038,81931,36076,45855
124,2022,36874297,18272972,18601325
204,1984,3907047,1891666,2015381
136,2008,47862,23390,24472
196,2002,946814,481219,465595
795,2035,6209137,3060775,3148362
586,1982,94096117,48930052,45166065
344,2025,7296877,3362575,3934302
398,2034,20785083,9776337,11008746
558,2038,7049560,3436507,3613053
660,2036,23211,10671,12540
24,2013,18565269,9386467,9178802
788,2015,11037225,5488724,5548501
0,2031,2077701,1067885,1009816
466,2021,20188461,9820955,10367506
566,2028,247110574,125822481,121288093
586,2016,201995540,103708140,98287400
158,2015,23415126,11649657,11765469
533,2006,98496,46839,51657
324,2044,23487626,11766457,11721169
540,2022,297121,148011,149110
332,2024,11615536,5727382,5888154
192,2033,10700232,5282875,5417357
32,2008,40531409,19998970,20532439
876,2001,14764,7347,7417
524,1997,22241375,11134251,11107124
344,2023,7286143,3366287,3919856
266,2026,2102637,1052854,1049783
418,2018,7234171,3589913,3644258
400,2011,6622106,3368804,3253302
404,2022,51229747,25551820,25677927
663,2044,34380,16274,18106
887,2030,35659686,17967353,17692333
600,2013,6623252,3322953,3300299
72,2049,2852709,1541276,1311433
108,2005,7788872,3861685,3927187
320,2000,11085025,5512523,5572502
531,2019,150809,72360,78449
64,2008,682321,358244,324077
832,2043,107568,53268,54300
520,2047,11693,5216,6477
652,1996,6351,3405,2946
204,1980,3458062,1661174,1796888
748,1994,994916,488248,506668
788,1986,7546995,3813139,3733856
748,2032,1674673,854493,820180
292,1986,29071,14639,14432
678,1981,96443,47947,48496
690,2033,101736,53351,48385
68,2008,9601257,4752177,4849080
208,2039,5700317,2772964,2927353
598,2043,9571696,4819329,4752367
694,1981,3402148,1673604,1728544
694,1979,3270506,1612322,1658184
654,2026,7889,3933,3956
51,2011,3069558,1473887,1595671
28,1999,74016,35441,38575
796,2015,50280,25365,24915
231,2020,114640234,56928264,57711970
70,2009,3886938,1893777,1993161
430,2020,4727293,2354443,2372850
332,1992,6983167,3425672,3557495
328,2045,870023,434497,435526
533,2026,127388,60148,67240
768,1997,4572447,2270024,2302423
662,2032,169838,81987,87851
562,2036,33114985,16570209,16544776
203,2050,10209638,5068727,5140911
44,2037,366649,179924,186725
250,2032,69820375,34173219,35647156
398,2002,15802133,7632605,8169528
583,2036,89282,43013,46269
188,1990,3023272,1527177,1496095
174,2027,928645,447950,480695
500,2010,5118,2565,2553
364,2044,98923734,49682404,49241330
643,2008,142393151,65952160,76440991
512,2036,4657613,2474182,2183431
262,2012,774389,357490,416899
508,2004,19637084,9480712,10156372
762,2038,10992710,5447449,5545261
344,2017,7191503,3344054,3847449
28,2024,102721,48342,54379
234,2015,50196,26121,24075
180,1999,50889947,25193689,25696258
666,2024,5093,2449,2644
894,2046,35368942,17656157,17712785
275,2002,2036274,1035354,1000920
591,2048,4828596,2401969,2426627
417,2005,5164248,2538629,2625619
524,1974,12883597,6541154,6342443
831,2043,67387,33011,34376
756,2020,8403994,4148163,4255831
659,1988,42191,20606,21585
208,2007,5468120,2702254,2765866
388,2025,3151611,1564481,1587130
798,2028,12074,6009,6065
276,2049,71887353,34491506,37395847
620,2050,9933334,4914654,5018680
480,2019,1371946,673794,698152
882,1982,160736,82949,77787
756,2049,9511481,4662754,4848727
64,1993,576693,305575,271118
760,2005,18614058,9457518,9156540
268,2002,4774895,2270222,2504673
68,1993,7054343,3492605,3561738
96,2030,531457,255536,275921
258,2021,297370,152044,145326
703,2006,5408945,2625849,2783096
340,1983,3796140,1890364,1905776
558,2035,6956333,3391410,3564923
0,2044,2196814,1121195,1075619
32,1995,35273867,17421411,17852456
496,2015,2992908,1467469,1525439
242,2001,810728,411975,398753
426,2011,1924886,948663,976223
854,2005,13903886,6907943,6995943
768,2038,13061559,6477754,6583805
158,2023,23645746,11605573,12040173
663,2003,27363,13184,14179
860,2041,34386763,16996313,17390450
531,2041,153390,74643,78747
296,2026,118948,57396,61552
417,2024,6171795,3021141,3150654
795,2049,6587494,3231720,3355774
840,2026,349825585,172736027,177089558
12,2019,42325923,21442391,20883532
40,2029,9060602,4432565,4628037
620,1999,10283381,4972425,5310956
24,2011,17544728,8868371,8676357
242,2005,836558,425141,411417
768,1987,3355920,1671541,1684379
740,2034,678879,340686,338193
170,1998,38132591,18839061,19293530
372,2011,4670976,2332092,2338884
275,2000,1947354,990045,957309
56,1996,10178934,4979586,5199348
504,2048,41727655,20255015,21472640
178,1989,2158239,1054884,1103355
470,2027,421111,209823,211288
512,2047,5250444,2767828,2482616
384,1980,8593262,4416639,4176623
68,2020,11639909,5759719,5880190
116,2005,13297399,6398092,6899307
148,2050,20473601,10019691,10453910
348,2011,9976062,4751788,5224274
458,1996,20856695,10611622,10245073
410,1993,44307038,22295545,22011493
426,1984,1511106,738029,773077
120,1976,7721125,3850525,3870600
520,2023,9917,4599,5318
756,2014,8061516,3973346,4088170
404,2045,67607632,33658674,33948958
208,2035,5727559,2790787,2936772
499,2005,699259,348247,351012
380,1991,56714708,27525178,29189530
442,2048,851693,427618,424075
92,2046,56782,26412,30370
498,2042,2536865,1258615,1278250
24,1971,5777488,2871755,2905733
478,1979,1513703,743161,770542
108,2027,15735959,7846906,7889053
591,2006,3206481,1617881,1588600
140,2033,7753835,3863016,3890819
218,2023,17492377,8671688,8820689
332,1976,5063646,2488959,2574687
108,1985,4914042,2394459,2519583
604,1981,17754798,8945798,8809000
156,2018,1384688986,711520547,673168439
76,2028,221759269,108830700,112928569
124,1993,28953336,14349574,14603762
807,1996,1971102,986944,984158
8,2034,3073158,1507278,1565880
180,1993,43290020,21368968,21921052
242,2039,995868,501342,494526
72,2035,2605088,1379296,1225792
64,2009,691141,362567,328574
780,2006,1234559,624326,610233
218,2018,16498502,8191130,8307372
704,2049,111133783,55620238,55513545
496,2004,2574146,1275251,1298895
116,2017,16204486,7872866,8331620
796,2002,21406,10823,10583
426,2047,1909528,955996,953532
90,2050,1015731,515996,499735
724,2050,52490640,25745674,26744966
116,2012,14952665,7234699,7717966
706,2010,9767889,4892987,4874902
728,2047,25682088,12957984,12724104
554,2001,3837878,1903677,1934201
348,2041,8935519,4280155,4655364
68,2004,8895965,4403590,4492375
682,2034,35269896,18887711,16382185
40,2031,9086906,4443168,4643738
136,2017,58441,28477,29964
360,2014,253609643,126857388,126752255
442,2005,467463,231544,235919
752,2033,11082538,5518254,5564284
562,1985,6869209,3431573,3437636
562,1979,5952447,3056894,2895553
258,2038,321810,163139,158671
887,2019,29282399,14803521,14478878
24,2018,21299850,10774029,10525821
368,2017,39192111,19795633,19396478
324,1975,4018826,1933789,2085037
524,1999,23086887,11531188,11555699
16,2003,57180,28992,28188
108,2024,14337248,7147300,7189948
663,1993,33238,16834,16404
4,1998,21451549,10931380,10520169
368,2005,27537849,13916170,13621679
566,2025,230570741,117444659,113126082
492,2020,30940,15001,15939
834,1994,28159908,13863816,14296092
458,2046,41896494,20962892,20933602
704,2034,107418592,53930888,53487704
630,2024,3486276,1659568,1826708
76,2020,211715973,104241576,107474397
418,2001,5498518,2725151,2773367
780,2040,1085325,545360,539965
258,2039,322478,163372,159106
158,2046,21582887,10293455,11289432
642,2047,18457801,8928375,9529426
840,2038,376375103,186108789,190266314
270,2027,2444255,1205870,1238385
52,2038,294701,141149,153552
446,2037,643047,298291,344756
262,1989,442446,216110,226336
520,2040,11027,4962,6065
408,2043,27087181,13140548,13946633
380,2044,62042434,29747956,32294478
512,2039,4824464,2557312,2267152
584,2024,82175,41665,40510
626,2043,2030646,995811,1034835
740,1985,394467,196779,197688
470,2045,402944,200111,202833
270,2015,1967709,972520,995189
92,2000,22509,11143,11366
534,1993,32258,15897,16361
760,2048,30826927,15425737,15401190
540,1987,158733,80799,77934
36,2005,20232346,10123925,10108421
516,2032,3243734,1597117,1646617
56,2007,10610155,5199209,5410946
203,2037,10488834,5184351,5304483
732,1999,321175,159084,162091
72,2048,2834235,1529717,1304518
705,2032,1832834,887820,945014
368,2036,60441567,30520142,29921425
258,2032,316100,160817,155283
694,1984,3622544,1776703,1845841
36,2006,20489472,10257350,10232122
422,2022,5301526,2646698,2654828
496,2024,3277423,1593358,1684065
616,2029,37154008,17932154,19221854
116,2014,15458332,7492577,7965755
148,2011,10758945,5174357,5584588
428,2049,1269430,605118,664312
136,2001,39621,19379,20242
4,1995,19445013,9920401,9524612
68,2031,13417490,6639321,6778169
192,1998,11064251,5536874,5527377
158,2000,22184552,11352933,10831619
422,2010,4492280,2240241,2252039
212,2004,71933,36203,35730
268,2001,4793253,2276953,2516300
8,2019,3066126,1514779,1551347
430,2048,7967419,3956527,4010892
752,2009,9352378,4655599,4696779
180,2015,79375136,39576819,39798317
788,2010,10525041,5254626,5270415
380,2041,62259448,29878957,32380491
724,2006,44431750,21886434,22545316
140,2013,5166510,2558909,2607601
408,2010,24325701,11783637,12542064
492,2017,30645,14889,15756
348,2047,8642582,4147900,4494682
558,2018,6085213,2967897,3117316
328,1990,771509,385740,385769
862,2012,29299421,14574817,14724604
31,2027,10640817,5276131,5364686
212,2044,68388,34260,34128
584,2042,98543,49605,48938
32,2040,51952534,25749766,26202768
591,2007,3258329,1643616,1614713
404,2049,70156565,34885835,35270730
694,2042,11349843,5563483,5786360
96,2020,464478,227530,236948
626,2014,1201542,603310,598232
662,2003,156008,76352,79656
203,1995,10323830,5016692,5307138
833,2048,93301,46752,46549
340,1977,3055680,1519482,1536198
51,2028,2916022,1432913,1483109
598,2020,7259456,3695158,3564298
438,2044,43347,21695,21652
48,2032,1663433,980840,682593
414,2017,2875422,1677539,1197883
862,2002,25100956,12427507,12673449
462,2038,422540,209936,212604
533,2044,145824,68596,77228
392,2049,107959188,51905766,56053422
540,2043,357155,176525,180630
364,2000,68631554,34927839,33703715
882,1997,171806,89884,81922
682,2000,21311904,11989122,9322782
600,1986,3739904,1869823,1870081
92,2020,37381,17793,19588
818,2026,117689429,60117579,57571850
222,2046,6247224,2979422,3267802
148,2043,18461281,9021325,9439956
652,2031,6986,3664,3322
112,2023,9390827,4368037,5022790
643,2032,137435612,63517574,73918038
480,1989,1053403,523570,529833
48,2040,1758352,1029668,728684
654,2020,7862,3951,3911
242,2025,956003,484262,471741
76,2039,230657720,112682799,117974921
428,2042,1408553,666359,742194
462,2018,392473,212214,180259
414,2015,2788534,1631973,1156561
504,2025,36484418,17862999,18621419
768,1991,3846054,1914104,1931950
231,2032,156570049,77666476,78903573
196,2022,1293977,661091,632886
100,2050,5531820,2701734,2830086
275,2008,2310334,1175063,1135271
690,2044,102105,53965,48140
788,2014,10937521,5443410,5494111
500,2035,5784,2891,2893
196,2034,1397733,712747,684986
516,1984,1166056,583355,582701
678,2050,309457,154113,155344
158,2004,22646408,11526544,11119864
174,2041,1088678,523169,565509
800,1996,20197441,10001842,10195599
643,2037,135592183,62706432,72885751
28,2019,97031,45808,51223
270,2006,1588501,786805,801696
586,2045,280552223,142095861,138456362
96,2010,395027,198028,196999
520,2034,10531,4781,5750
170,1975,24124651,11947361,12177290
833,2041,94311,47294,47017
36,1990,16956242,8465950,8490292
266,2049,3175473,1606512,1568961
678,2042,283206,141236,141970
643,2041,134113613,62108539,72005074
340,2029,10659950,5377753,5282197
212,1999,70348,35352,34996
214,1986,6516820,3309969,3206851
492,2009,30652,14958,15694
620,2045,10219246,5051564,5167682
100,1998,8037611,3944180,4093431
84,2003,267958,135817,132141
660,2048,26490,12016,14474
624,2022,1959846,960379,999467
208,2012,5543453,2735021,2808432
188,2009,4455046,2239010,2216036
702,2024,6630412,3232605,3397807
583,2026,98172,47881,50291
398,2006,16283721,7848632,8435089
418,2038,9187563,4547321,4640242
531,2035,154570,74858,79712
76,2048,232479213,113172025,119307188
496,2020,3168026,1546098,1621928
666,1983,6074,3002,3072
688,2049,5911299,2874380,3036919
580,2047,76628,37252,39376
31,2045,11200511,5539661,5660850
170,1985,29747620,14708400,15039220
392,2008,127787736,62184716,65603020
384,2038,32861566,16525686,16335880
748,2042,1773595,915143,858452
328,2050,878028,437509,440519
616,2050,32738308,15777172,16961136
218,2005,13662318,6798989,6863329
690,2016,93186,47872,45314
524,2022,30870932,15162261,15708671
784,1991,1936688,1286547,650141
524,1985,16438782,8299709,8139073
258,2002,244185,125281,118904
196,2035,1401784,714639,687145
760,2016,17185170,8635147,8550023
262,1984,374612,186859,187753
643,2050,129908086,60492439,69415647
894,1996,8915420,4458350,4457070
626,2001,838610,437953,400657
144,2033,24409441,11879163,12530278
887,2042,42188741,21180792,21007949
788,2035,12222149,5960700,6261449
478,2012,3359185,1617576,1741609
340,1998,6039095,3027273,3011822
500,2009,5098,2559,2539
740,2014,573311,288688,284623
630,2018,3544291,1690641,1853650
524,1996,21804106,10914402,10889704
100,2039,6047451,2949280,3098171
652,1988,4623,2450,2173
232,2008,5105526,2512685,2592841
662,2006,158128,77332,80796
887,2034,37886711,19067220,18819491
414,1996,1740735,1011749,728986
788,1999,9407372,4727945,4679427
703,2009,5420248,2630588,2789660
51,2043,2634365,1316482,1317883
316,2045,198953,99370,99583
170,1987,31085303,15376841,15708462
598,2047,9887741,4972060,4915681
834,2007,40787957,20240230,20547727
422,1972,2513207,1265314,1247893
324,1979,4356939,2098640,2258299
768,1990,3720792,1852188,1868604
630,2034,3348381,1593583,1754798
710,2019,55918443,27638952,28279491
288,1989,15201278,7599133,7602145
703,1999,5395739,2624252,2771487
470,2022,420365,209504,210861
512,2032,4426049,2358476,2067573
108,2013,10060714,5002667,5058047
666,2032,4588,2170,2418
40,2028,9044890,4425876,4619014
690,2031,101216,52987,48229
840,2000,282162411,138443407,143719004
748,2029,1638372,833036,805336
862,2023,33521383,16709330,16812053
620,2038,10521674,5191376,5330298
533,2036,138480,65220,73260
320,2009,13276517,6550894,6725623
296,1995,76540,38262,38278
578,1992,4286357,2119765,2166592
716,2049,24854858,12707636,12147222
702,2025,6732999,3281049,3451950
470,2000,389947,193042,196905
250,2014,66259012,32417332,33841680
818,2047,162676462,82924627,79751835
203,1998,10290949,5005284,5285665
96,1988,238878,126437,112441
798,2006,10222,5013,5209
232,1999,3805989,1868610,1937379
116,2028,18645682,9114520,9531162
450,1993,12736607,6347309,6389298
496,2031,3420800,1651931,1768869
540,1984,149655,76384,73271
136,2022,64255,31246,33009
292,2009,28796,14509,14287
44,2035,364684,178960,185724
704,2013,92477857,46205449,46272408
887,2009,22544016,11426580,11117436
180,2010,69851289,34779541,35071748
666,2030,4713,2238,2475
398,2005,16122665,7774712,8347953
398,2035,20886414,9816853,11069561
203,2010,10550885,5175944,5374941
652,2010,7406,3942,3464
562,2015,18045729,9055106,8990623
470,1999,387799,191918,195881
258,2017,287881,147374,140507
324,1971,3714679,1785147,1929532
268,2023,4933388,2361585,2571803
140,1990,3084970,1503747,1581223
64,1965,254114,131154,122960
0,2027,2026833,1043072,983761
762,2030,10103024,5016263,5086761
226,2029,1016613,509349,507264
90,2018,660121,337085,323036
654,2036,7787,3822,3965
862,2032,36328394,18117896,18210498
504,2035,39147908,19094061,20053847
152,2022,18432479,9057935,9374544
478,2029,4765447,2295049,2470398
688,2043,6163602,2996809,3166793
262,1966,149283,74694,74589
332,1997,7791775,3832011,3959764
704,2040,109601406,54967486,54633920
76,2012,199321413,98439434,100881979
51,2039,2718493,1352369,1366124
96,2039,583822,276720,307102
426,2005,1922116,943518,978598
512,2033,4485240,2388077,2097163
508,2040,46745104,23190016,23555088
232,2021,6140004,3022611,3117393
566,1959,40362620,20770937,19591683
562,1992,8298180,4120080,4178100
32,2039,51691676,25619912,26071764
178,2004,3332121,1655457,1676664
158,2026,23630722,11547776,12082946
64,2004,645415,340090,305325
417,1996,4685470,2306686,2378784
600,1994,4697579,2355983,2341596
484,1983,73257049,36282462,36974587
678,2039,273266,136332,136934
48,1984,407712,236243,171469
52,2019,293874,142078,151796
792,2035,88278906,44066138,44212768
534,2003,31644,15431,16213
652,2003,7501,4009,3492
96,2037,572921,272360,300561
598,2012,6310129,3234385,3075744
706,2002,8016757,4008398,4008359
52,2022,295730,142861,152869
404,1982,17660336,8792364,8867972
120,2020,26969408,13518253,13451155
524,2003,24644751,12147905,12496846
466,2030,25618738,12448424,13170314
705,2046,1654241,796894,857347
50,2018,159453001,78502090,80950911
674,2024,35028,16915,18113
492,2019,30825,14956,15869
860,2011,28128600,13998685,14129915
705,2020,1951358,949486,1001872
516,2005,2043307,1012214,1031093
652,2008,7492,3993,3499
170,2036,54573351,26949346,27624005
626,2021,1414866,706482,708384
832,2016,98069,48233,49836
410,2025,52565679,26345491,26220188
262,2013,792198,364931,427267
659,2035,57223,28537,28686
116,2010,14453680,6980061,7473619
586,2018,207862518,106675839,101186679
96,2046,619406,290960,328446
96,2035,561612,267814,293798
308,2025,114741,58204,56537
116,2048,22063275,10819754,11243521
591,2012,3510045,1768496,1741549
384,2031,30126968,15173669,14953299
178,2001,3050784,1508514,1542270
780,2025,1183838,599506,584332
520,1997,9868,5041,4827
659,2004,47529,23633,23896
832,1996,85348,41510,43838
626,2023,1477281,736468,740813
562,2016,18638600,9352425,9286175
414,2005,2256657,1335252,921405
470,2003,395178,195908,199270
276,1998,82023672,39989683,42033989
678,2030,243602,121620,121982
233,2021,1220216,573179,647037
826,2008,61642600,30525153,31117447
422,1999,3791412,1865977,1925435
180,2024,97193556,48511719,48681837
275,2017,2747943,1397745,1350198
191,2048,3589397,1735853,1853544
108,1993,5647937,2776658,2871279
426,2044,1903230,952963,950267
16,2033,51799,25334,26465
192,2022,11006694,5466766,5539928
212,2007,72377,36464,35913
308,2045,114965,57808,57157
604,2010,28947973,14314279,14633694
643,1996,148596840,69531470,79065370
524,1994,20843641,10429479,10414162
630,2032,3383183,1609840,1773343
752,1991,8668112,4282627,4385485
458,2009,27817866,14132754,13685112
534,2029,48385,23848,24537
466,1989,8313685,4061805,4251880
426,2018,1962461,970433,992028
204,2029,14907504,7522737,7384767
558,1980,2803030,1397419,1405611
288,1984,13131315,6551186,6580129
288,2008,22554470,11146742,11407728
724,2042,53444485,26288551,27155934
748,2017,1467152,735457,731695
524,2020,30327877,14862575,15465302
188,2028,5488634,2741873,2746761
768,2049,16278447,8070249,8208198
858,2017,3360148,1624445,1735703
678,2037,266610,133040,133570
732,2001,351692,174239,177453
882,2000,176209,91717,84492
234,2049,57019,28986,28033
688,1981,7619061,3742784,3876277
807,2022,2116845,1053227,1063618
598,1983,3067596,1665659,1401937
84,2010,314522,159288,155234
84,2028,429186,217306,211880
76,1974,104790608,52180008,52610600
388,2015,2950210,1461010,1489200
174,2003,590061,287324,302737
690,2009,87476,44392,43084
478,2016,3677293,1770777,1906516
566,1984,82731816,42414732,40317084
478,2043,5959859,2869599,3090260
500,2043,5789,2899,2890
270,2039,2866098,1412548,1453550
96,2017,443593,218679,224914
616,2027,37471113,18097123,19373990
360,2020,267026366,133643347,133383019
384,2036,32097959,16148897,15949062
833,2006,80472,39680,40792
90,2003,470654,240173,230481
158,2032,23392569,11340731,12051838
400,2029,8856227,4428454,4427773
324,2018,12741800,6377937,6363863
760,2006,19376129,9844196,9531933
52,2005,280037,135436,144601
454,1990,9359819,4613116,4746703
760,2029,25784864,12967156,12817708
92,2017,35015,16733,18282
438,2039,42972,21467,21505
500,2044,5781,2896,2885
492,2025,31706,15315,16391
466,2036,29446106,14298820,15147286
690,1998,77174,38208,38966
670,1993,108536,54294,54242
32,2027,48034321,23794350,24239971
704,1998,77107502,38046461,39061041
533,1992,69478,33354,36124
348,2039,9029302,4322402,4706900
558,2026,6549557,3192345,3357212
232,2045,8449459,4160647,4288812
262,2001,692990,326185,366805
620,2033,10667247,5253736,5413511
348,2023,9681756,4619562,5062194
887,2044,43210273,21679200,21531073
234,2023,52576,27214,25362
516,1998,1783962,893356,890606
233,1996,1427827,660599,767228
818,2042,151836839,77449976,74386863
108,2031,17774954,8865585,8909369
660,2049,26737,12120,14617
446,2000,431739,207377,224362
233,2037,1058768,507293,551475
158,2028,23586040,11494468,12091572
792,1992,58501681,29555612,28946069
384,2025,27651498,13945705,13705793
531,2004,134602,63882,70720
64,1975,372749,195761,176988
32,2050,54115246,26826276,27288970
710,2036,63996588,31723764,32272824
586,2050,290847790,146850743,143997047
36,1986,15900415,7939897,7960518
404,2009,39707699,19801383,19906316
266,2030,2266044,1136880,1129164
608,1994,66926461,33547679,33378782
231,1991,49447575,24841024,24606551
796,2018,53701,27058,26643
92,1995,19059,9595,9464
112,2018,9527543,4431686,5095857
876,2015,15613,7914,7699
12,2016,40263711,20392973,19870738
262,2017,865267,395365,469902
796,2009,40983,20737,20246
887,2022,31073607,15694125,15379482
498,2009,3770698,1823370,1947328
654,2050,7296,3529,3767
196,2004,987191,502390,484801
686,2004,10519120,5093824,5425296
756,2024,8615533,4252958,4362575
288,2004,20650251,10222012,10428239
376,1986,4120412,2052757,2067655
788,1989,8054911,4067683,3987228
531,2014,147695,70679,77016
732,2005,415400,205876,209524
504,2028,37342311,18263535,19078776
740,2028,651947,327739,324208
426,1982,1432822,698282,734540
652,2030,7001,3675,3326
440,1998,3493125,1634601,1858524
662,2004,156657,76656,80001
740,2045,711160,355170,355990
818,2041,149652931,76344770,73308161
705,2023,1926279,936564,989715
156,2050,1301627048,652542656,649084392
850,2028,92963,41964,50999
392,2036,117109197,56352377,60756820
496,2014,2953190,1449343,1503847
694,2022,6958421,3388552,3569869
624,2024,2027444,994401,1033043
324,2043,23012444,11528603,11483841
670,2013,103220,52413,50807
478,2011,3281634,1580248,1701386
616,2001,38643639,18772632,19871007
833,2049,93080,46639,46441
40,2036,9125639,4455417,4670222
728,2028,17848498,9031006,8817492
764,1997,61200359,30307301,30893058
704,2014,93421835,46712869,46708966
218,2028,18404414,9110271,9294143
226,2044,1315780,660114,655666
686,1989,7127287,3492594,3634693
184,1996,18180,9373,8807
124,2017,35623680,17668968,17954712
834,1998,31263565,15415901,15847664
624,2013,1660870,810075,850795
60,2020,71750,34693,37057
876,2047,15701,7975,7726
324,1983,4734400,2282462,2451938
504,2011,31968361,15732176,16236185
498,2046,2397238,1193492,1203746
148,1966,3419366,1687129,1732237
136,2018,59613,29037,30576
408,2015,24983205,12118557,12864648
158,2002,22461928,11462360,10999568
690,1979,63191,31732,31459
626,1992,788560,406787,381773
524,2039,33406908,16514990,16891918
792,2047,89573265,44386763,45186502
90,2006,508382,259506,248876
156,2032,1398841821,711810402,687031419
776,2015,106501,53430,53071
642,2009,22011818,10723254,11288564
116,2050,22338891,10952876,11386015
418,2019,7341182,3642939,3698243
652,2041,6770,3525,3245
768,2044,14777765,7328139,7449626
136,2026,68775,33385,35390
454,2040,39572789,19597037,19975752
136,2043,85423,41184,44239
807,2041,2062071,1021279,1040792
492,1996,31113,15009,16104
32,2000,37335675,18418728,18916947
364,2022,88236745,44690876,43545869
51,2009,3074268,1470814,1603454
598,2048,9963173,5008447,4954726
364,1997,66041885,33633135,32408750
16,2036,51070,24887,26183
296,2048,138499,65497,73002
558,2021,6262289,3052326,3209963
800,2025,50692201,25203130,25489071
40,2019,8828456,4322822,4505634
136,2012,52560,25657,26903
404,2007,37408875,18645925,18762950
328,1982,762859,379260,383599
262,1970,179903,89968,89935
348,2004,10072608,4801055,5271553
710,1999,44351539,21708010,22643529
144,2017,22409381,10948276,11461105
716,2034,19982533,10162240,9820293
174,2025,905545,437090,468455
860,2030,32854526,16304511,16550015
203,2023,10707534,5276070,5431464
288,2043,46357577,22773516,23584061
652,2049,6553,3405,3148
140,2047,9868421,4912471,4955950
690,2015,92430,47407,45023
20,2039,81537,40809,40728
262,2014,810179,372424,437755
48,1995,582068,333212,248856
876,2048,15668,7955,7713
191,2008,4434262,2134448,2299814
56,2046,12712416,6235220,6477196
598,2039,9229018,4653176,4575842
16,2029,52678,25891,26787
454,2046,46709386,23123941,23585445
428,2037,1510872,711059,799813
756,2012,7925517,3902986,4022531
262,2008,709196,330502,378694
324,2008,9806509,4903409,4903100
292,2000,27274,13799,13475
454,2029,28365912,14048636,14317276
104,1978,32017578,15943140,16074438
659,1984,43088,20908,22180
642,2025,20872127,10142437,10729690
646,2034,19644139,9797980,9846159
478,2028,4680104,2253949,2426155
798,2044,13085,6586,6499
132,2016,553432,268480,284952
180,2041,129226317,64394553,64831764
558,2024,6437031,3137084,3299947
430,1992,1893883,955922,937961
710,2009,50680856,25195565,25485291
784,2049,8024164,5269537,2754627
788,2045,12276582,5907819,6368763
32,2016,43886748,21697962,22188786
92,2030,45180,21269,23911
580,2046,76137,36969,39168
364,2008,75025356,38106113,36919243
0,2050,2222619,1129360,1093259
446,2009,559846,267691,292155
84,1993,206093,104567,101526
132,2008,493619,238704,254915
348,2050,8489811,4078190,4411621
832,2009,92528,45362,47166
682,2017,28571770,15509811,13061959
52,2040,293204,140243,152961
0,2046,2207654,1125132,1082522
232,2043,8243478,4060287,4183191
764,2045,67545234,32654066,34891168
533,2010,104589,49651,54938
148,2015,11631456,5611946,6019510
662,2022,167384,81266,86118
300,2042,10310741,4967828,5342913
558,2022,6321015,3080652,3240363
60,1995,60294,29196,31098
178,2037,7814599,3908327,3906272
706,1996,6574263,3303558,3270705
348,2033,9299323,4444840,4854483
352,2004,292078,146290,145788
624,1998,1222239,591317,630922
478,2010,3205060,1543402,1661658
392,2020,125507472,60767960,64739512
258,1985,175409,91220,84189
214,2027,11925164,6019042,5906122
104,2004,49962203,24843672,25118531
652,2009,7448,3967,3481
682,2030,33825413,18162572,15662841
528,2005,16299097,8056985,8242112
304,2035,54905,27812,27093
124,2050,41135648,20250157,20885491
218,2013,15439429,7676195,7763234
426,2002,1925636,944019,981617
450,1985,10028632,5004019,5024613
428,2011,2076493,950844,1125649
624,2014,1693398,826407,866991
328,2007,761716,384479,377237
533,2041,143195,67381,75814
608,2010,93136651,46748408,46388243
706,2036,17256486,8614127,8642359
426,2049,1916382,958875,957507
156,2027,1407599219,719188341,688410878
600,2007,6112995,3068726,3044269
434,2035,8137893,4166560,3971333
682,2026,32277741,17379933,14897808
499,2022,638240,317622,320618
418,1998,5167653,2560977,2606676
608,1989,60047504,30076591,29970913
826,2031,68658736,34208000,34450736
704,2038,108970727,54673377,54297350
662,1983,127291,62118,65173
90,2021,697535,356152,341383
288,2031,36849344,18127609,18721735
703,2043,5049318,2443319,2605999
850,2018,101623,46970,54653
732,2043,1050278,521035,529243
136,2034,77160,37319,39841
585,2028,22341,11318,11023
732,2012,522928,259371,263557
662,2050,162356,77412,84944
654,2017,7828,3945,3883
184,2047,5553,2756,2797
831,2046,67045,32780,34265
32,2020,45479118,22506182,22972936
690,1981,64695,32396,32299
156,1990,1153163985,593385848,559778137
388,2026,3171050,1574477,1596573
232,2025,6411164,3156536,3254628
496,2046,3642195,1737836,1904359
894,2044,33637166,16792425,16844741
258,1993,210318,108902,101416
178,2017,4954674,2483876,2470798
398,2042,21600523,10106293,11494230
804,2022,43557868,20196921,23360947
663,2002,27450,13270,14180
196,2033,1393049,710525,682524
862,2050,39757122,19823781,19933341
678,2017,201025,100343,100682
20,2001,65316,34088,31228
44,2006,299288,146231,153057
516,2015,2388360,1165390,1222970
642,2039,19427288,9414441,10012847
831,1994,61113,29386,31727
840,2004,292805298,143828012,148977286
148,1978,4424045,2139629,2284416
376,2050,12364874,6201117,6163757
840,2009,306771529,150807454,155964075
100,2032,6382771,3107735,3275036
458,1980,13460089,6762362,6697727
262,2018,884017,403241,480776
630,2045,3108596,1483498,1625098
492,1994,30716,14741,15975
72,2018,2261577,1156808,1104769
400,2022,7910776,3973838,3936938
96,2013,415717,206828,208889
454,2010,15182821,7510437,7672384
558,2007,5407784,2656294,2751490
440,2031,2379802,1105525,1274277
732,2026,752674,373705,378969
678,2033,253407,126494,126913
470,2037,413358,205539,207819
8,2045,2912050,1421327,1490723
28,1995,68710,32987,35723
558,1979,2687394,1337325,1350069
450,2029,32773612,16379178,16394434
76,1981,123961522,61718854,62242668
50,1986,96806446,49750841,47055605
72,2044,2761697,1483440,1278257
630,2014,3620897,1730760,1890137
840,2040,380219202,188093001,192126201
704,2018,97040334,48641816,48398518
275,2037,3712724,1881145,1831579
860,1990,20530144,10149090,10381054
275,2040,3837972,1942511,1895461
52,2035,296395,142246,154149
52,2018,293131,141742,151389
643,1999,147698905,69040791,78658114
598,2033,8663459,4378161,4285298
480,2000,1185932,585332,600600
862,2026,34532352,17217941,17314411
454,1979,6065540,2996578,3068962
16,2020,53782,26718,27064
634,2041,2547848,1899252,648596
558,2010,5604452,2745502,2858950
84,2027,423186,214273,208913
524,1983,15664172,7933510,7730662
470,2010,406771,202295,204476
398,1990,16775025,8104574,8670451
250,2045,69935314,34178266,35757048
226,2005,567232,280404,286828
688,2006,7476102,3646223,3829879
246,2006,5257972,2573627,2684345
690,2012,90024,45938,44086
646,2003,9098466,4513077,4585389
84,2005,281289,142529,138760
854,2043,40522597,20164721,20357876
440,2000,3489408,1632234,1857174
442,2019,617185,310643,306542
352,2033,384746,191772,192974
586,1987,108584077,56153518,52430559
764,2022,69272281,33897851,35374430
276,1996,81890667,39880742,42009925
729,2047,57446354,28521391,28924963
752,2048,11901019,5902363,5998656
426,1991,1732498,846925,885573
192,2034,10661713,5261223,5400490
860,2008,27345026,13607433,13737593
392,1992,124378689,61030495,63348194
499,1995,670608,333686,336922
752,1998,8902684,4400089,4502595
643,1993,148488770,69564352,78924418
674,2019,34010,16451,17559
500,2011,5140,2573,2567
446,2028,636873,299328,337545
528,2039,17979013,8814326,9164687
566,1975,64427500,33157997,31269503
417,2039,6768487,3302352,3466135
598,1988,3492134,1869599,1622535
232,1991,3001349,1471589,1529760
454,1996,10016046,4941183,5074863
376,2030,9942736,5000585,4942151
652,2007,7540,4021,3519
340,2041,12057037,6088139,5968898
136,1990,26355,12870,13485
850,2020,100156,46088,54068
72,2001,1714009,844189,869820
584,2043,99225,49928,49297
12,2033,49355830,24966931,24388899
120,1995,13827639,6931148,6896491
36,2020,23938599,12004390,11934209
104,2026,62241530,30879226,31362304
663,2026,33130,15832,17298
678,1991,118598,58746,59852
50,2046,191242110,92388818,98853292
840,1993,259918588,126970600,132947988
478,2031,4936251,2377285,2558966
178,2049,10011737,4995061,5016676
70,2043,3416971,1653680,1763291
724,2018,49331076,24360120,24970956
894,2026,20682115,10330370,10351745
72,2030,2519347,1321046,1198301
660,2038,23797,10909,12888
500,2001,4239,2144,2095
262,2034,1177780,532634,645146
332,2048,14373347,7012244,7361103
300,2023,10702036,5207849,5494187
0,2036,2132750,1093774,1038976
862,1993,21190097,10624306,10565791
504,2026,36775354,17999137,18776217
104,2050,70673160,34823524,35849636
740,2046,712902,355860,357042
364,2019,85644897,43404978,42239919
56,2009,10777618,5284499,5493119
796,2013,47754,24112,23642
508,2025,32306018,15894492,16411526
688,2024,6879290,3351844,3527446
140,2024,6504812,3236693,3268119
218,1999,12268309,6082096,6186213
876,2050,15598,7913,7685
152,2042,19706067,9644297,10061770
90,2034,854446,435710,418736
807,2045,2033211,1005970,1027241
840,2024,344814299,170225356,174588943
404,2016,46790758,23339308,23451450
398,2010,17084817,8214704,8870113
858,2040,3500123,1701278,1798845
740,1986,400143,200041,200102
531,2034,154652,74845,79807
348,2037,9121351,4363985,4757366
466,2001,11111580,5453780,5657800
340,2012,8296693,4173736,4122957
533,2011,106113,50354,55759
32,1989,32571624,16111544,16460080
531,1993,143777,68082,75695
56,2020,11720716,5776934,5943782
484,2039,146937377,71534889,75402488
566,2049,384017381,194828818,189188563
214,2035,12704703,6396082,6308621
446,1993,384404,185410,198994
214,2046,13482408,6758560,6723848
584,2031,89196,45097,44099
8,2001,3128002,1569067,1558935
600,2033,8165665,4076509,4089156
180,2042,131007633,65268460,65739173
380,2025,62591055,30149645,32441410
450,1990,11632868,5804344,5828524
804,2026,42654581,19800694,22853887
68,2043,15142479,7489938,7652541
854,1977,5891063,2910078,2980985
784,1986,1446574,979747,466827
604,2015,30444999,14978192,15466807
646,2042,23349525,11634988,11714537
442,1997,420928,206808,214120
788,2030,12086149,5929170,6156979
666,2036,4336,2034,2302
840,2046,391186552,193875634,197310918
32,1990,33035578,16334401,16701177
408,2048,27021641,13091815,13929826
60,2027,73137,35323,37814
818,2018,99413317,50797338,48615979
120,2048,50048733,24967655,25081078
690,2025,98843,51420,47423
380,2000,57784373,27900322,29884051
624,1995,1143328,552711,590617
512,2008,2853884,1581756,1272128
316,2001,156337,79874,76463
478,2036,5364917,2583584,2781333
16,2047,49332,23790,25542
188,2012,4636348,2328235,2308113
288,2002,19778785,9802164,9976621
72,2009,1990876,997268,993608
124,2001,31376736,15552185,15824551
704,1999,78141672,38587608,39554064
858,1993,3123830,1517669,1606161
340,2040,11950172,6034103,5916069
300,2002,10603863,5214921,5388942
304,2031,56028,28586,27442
604,2032,34843113,16945562,17897551
860,2037,33920812,16791926,17128886
499,2013,653474,325524,327950
748,2020,1513201,761296,751905
68,2002,8542488,4228816,4313672
233,2003,1349483,621305,728178
417,2048,7026776,3426812,3599964
462,1993,246910,130897,116013
702,2050,8609518,4145928,4463590
60,2039,72777,35049,37728
192,1982,9791907,4946648,4845259
548,2031,352526,174195,178331
818,2001,66852387,34186014,32666373
324,1985,5226741,2568804,2657937
826,2048,71012027,35331327,35680700
554,2016,4474549,2226721,2247828
140,1999,3889215,1908473,1980742
72,1997,1563190,763134,800056
548,2021,303417,150984,152433
4,2026,42025073,21252555,20772518
308,1982,92414,44629,47785
795,2050,6607083,3240377,3366706
170,2029,52642309,26011784,26630525
740,2021,615176,309620,305556
788,2043,12289115,5930277,6358838
756,2004,7417342,3632311,3785031
690,2010,88340,44915,43425
376,2001,6234319,3119875,3114444
520,2032,10393,4735,5658
20,2021,85565,43882,41683
694,1998,3745727,1815312,1930415
380,2013,61482297,29658226,31824071
422,2007,4334429,2157659,2176770
626,1999,933968,483255,450713
20,2013,85293,44028,41265
591,2044,4751264,2367484,2383780
554,2024,4745351,2357290,2388061
262,2033,1161071,524927,636144
858,2038,3495236,1698505,1796731
480,2020,1379365,677199,702166
800,2039,73700324,36656814,37043510
756,1993,7064021,3479952,3584069
690,2007,85702,43322,42380
40,2047,9122038,4438584,4683454
662,2002,155297,76012,79285
392,2009,127704286,62121145,65583141
348,2031,9384378,4483700,4900678
226,2018,797457,397858,399599
858,2037,3491955,1696688,1795267
882,1999,174755,91110,83645
492,1999,31674,15407,16267
384,2003,18068004,9179319,8888685
458,1997,21407153,10893800,10513353
882,2018,201316,102568,98748
462,2005,336248,185836,150412
800,2033,63412350,31538570,31873780
70,2026,3775296,1839374,1935922
192,2038,10492140,5167756,5324384
740,2011,553159,278509,274650
533,1999,89259,42536,46723
796,2049,83513,41238,42275
882,2045,238195,119100,119095
292,2048,28608,14236,14372
508,2009,21921697,10640135,11281562
732,2023,702012,348523,353489
148,1989,5714913,2743297,2971616
666,1999,6427,3224,3203
100,2028,6580259,3203106,3377153
666,1986,6208,3081,3127
76,2027,220629152,108320575,112308577
882,2015,197773,101033,96740
116,1981,7079196,3285020,3794176
732,2042,1032578,512302,520276
104,2035,66154608,32745172,33409436
408,1999,22594314,10958570,11635744
90,2047,989311,503030,486281
450,2048,44632707,22234542,22398165
484,2033,142713935,69631807,73082128
52,1981,252361,119681,132680
462,1996,270531,144275,126256
170,2002,39804949,19680963,20123986
704,2041,109878200,55094516,54783684
591,1998,2797225,1415662,1381563
40,2048,9117798,4435438,4682360
660,2019,17756,8415,9341
748,1981,631315,306457,324858
84,1985,165558,83850,81708
826,2047,70929977,35292677,35637300
92,2010,29640,14325,15315
442,2032,740687,373606,367081
833,2050,92840,46517,46323
858,2026,3439597,1667657,1771940
368,2013,34699942,17513217,17186725
180,1982,30647148,15018341,15628807
860,1994,22603815,11187637,11416178
352,2030,378824,189117,189707
795,2037,6273309,3090086,3183223
332,2035,13018504,6389593,6628911
798,2004,10114,4954,5160
384,2001,17310968,8798150,8512818
418,2048,9936202,4905092,5031110
780,2035,1117630,563459,554171
626,2049,2169661,1058820,1110841
360,2008,237938809,118923018,119015791
112,2008,9712053,4523365,5188688
180,2036,120148192,59923120,60225072
270,2014,1925527,951859,973668
646,2016,12988423,6476606,6511817
148,1967,3495635,1722273,1773362
566,1969,53994532,27794133,26200399
90,1989,311037,158872,152165
156,2037,1379579157,699024235,680554922
196,2026,1340434,684585,655849
626,2050,2191749,1068757,1122992
320,2014,14647083,7223769,7423314
4,2012,30419928,15437091,14982837
328,2003,778579,392660,385919
484,2018,125959205,61749825,64209380
528,2004,16266338,8044636,8221702
158,2012,23234936,11627461,11607475
48,2034,1688233,993604,694629
524,1991,19149602,9588615,9560987
659,1996,43582,21560,22022
31,2002,8597653,4200126,4397527
148,1965,3344520,1651515,1693005
332,1977,5167179,2539444,2627735
710,2014,53006857,26230908,26775949
504,2020,34955862,17143964,17811898
233,2038,1048648,503063,545585
440,1996,3500538,1639275,1861263
796,2040,75988,37811,38177
682,2029,33447655,17971962,15475693
663,2030,33448,15936,17512
438,2003,34206,16871,17335
234,2050,57112,29020,28092
732,1996,277669,137478,140191
800,2015,37101745,18430868,18670877
16,2034,51559,25186,26373
499,2046,591806,291030,300776
192,2008,11258324,5626075,5632249
586,1989,115419215,59601765,55817450
894,2023,18993117,9487780,9505337
688,1983,7670692,3769250,3901442
858,2035,3485029,1692841,1792188
400,2030,8988217,4491735,4496482
540,2032,329475,163441,166034
52,2003,277547,134213,143334
188,2042,5937997,2948491,2989506
400,2028,8723263,4364649,4358614
630,2047,3059499,1461106,1598393
705,2019,1958778,953285,1005493
96,1984,211223,112372,98851
28,2008,84522,40216,44306
516,2031,3191183,1570773,1620410
384,2006,19326799,9810942,9515857
643,2006,142735754,66178998,76556756
662,2015,163922,79861,84061
242,2014,903207,458697,444510
894,2005,11372462,5683445,5689017
716,2010,11651858,5539622,6112236
60,2022,72250,34926,37324
292,1982,28848,14528,14320
292,1994,26777,13545,13232
232,2016,5869869,2889952,2979917
20,2043,79549,39560,39989
178,2012,4489969,2251156,2238813
178,2043,8887678,4439439,4448239
158,2040,22549554,10824034,11725520
232,2015,5823083,2867122,2955961
516,2050,4156634,2052598,2104036
356,2039,1561811109,805243488,756567621
470,2038,412173,204908,207265
533,2004,95461,45437,50024
659,2001,46188,22911,23277
356,2009,1156897766,600145498,556752268
388,1999,2588866,1277004,1311862
348,2017,9850845,4695747,5155098
100,2018,7057504,3441897,3615607
440,2040,2098428,980696,1117732
583,1996,106462,54242,52220
178,1987,2038301,994443,1043858
214,2002,8756901,4443782,4313119
860,2010,27865738,13867679,13998059
662,2029,169532,81986,87546
792,2017,80845215,40663013,40182202
642,2040,19312598,9356773,9955825
52,2026,297302,143404,153898
732,1990,217373,107508,109865
484,2037,145695720,70982114,74713606
124,2028,38181796,18888458,19293338
600,2039,8474354,4219692,4254662
20,1998,64728,33905,30823
558,1993,4156381,2070028,2086353
188,1994,3351198,1691297,1659901
422,1989,3384331,1673110,1711221
158,2045,21758306,10387035,11371271
222,1994,5395198,2623301,2771897
136,2009,49035,23957,25078
132,1984,312486,145880,166606
616,2035,36051099,17368885,18682214
372,2031,5672445,2824113,2848332
833,2020,90499,45403,45096
0,2038,2151573,1102255,1049318
64,2037,896481,460666,435815
584,1995,49639,25376,24263
116,2034,19766369,9680898,10085471
780,1988,1238380,620334,618046
428,2030,1661437,776283,885154
320,2044,21865214,10739425,11125789
372,2032,5713005,2843257,2869748
196,2039,1411929,719045,692884
292,2042,29077,14448,14629
12,2035,50117732,25338555,24779177
686,2037,22213403,10775112,11438291
158,1995,21290414,10960484,10329930
686,2018,15020945,7266623,7754322
64,2020,782318,406892,375426
608,1980,48289222,24265225,24023997
418,2031,8567586,4246541,4321045
64,2048,945474,481550,463924
454,1997,10280296,5072432,5207864
534,2040,51660,25389,26271
760,1991,12967853,6617667,6350186
352,2023,360649,180526,180123
356,2005,1090973030,565562417,525410613
480,1987,1036272,515500,520772
276,2010,81644454,40076301,41568153
76,1984,132793071,66112888,66680183
408,1996,22323574,10863505,11460069
686,1983,6055544,2997180,3058364
438,2016,37937,18845,19092
384,2047,36104968,18114867,17990101
296,2032,125554,60237,65317
504,2036,39382891,19200694,20182197
188,2050,6065989,3002237,3063752
400,2043,10623042,5270087,5352955
410,2030,52792497,26433848,26358649
804,2011,45603516,21049350,24554166
426,2009,1916134,943207,972927
686,1981,5754459,2858109,2896350
454,1982,6666199,3296263,3369936
428,2004,2283318,1051205,1232113
740,2049,716954,357338,359616
434,2019,6850229,3540199,3310030
662,1996,148172,72663,75509
132,2011,516100,249890,266210
663,2021,32671,15674,16997
586,1986,105239621,54472786,50766835
275,2011,2452206,1247359,1204847
196,2047,1404677,713455,691222
478,1988,1848504,896073,952431
608,2013,97760753,49089892,48670861
218,2002,12827279,6366471,6460808
688,1993,7706118,3772076,3934042
364,1998,66953736,34090060,32863676
760,1987,11268554,5755497,5513057
360,1990,181599235,90406030,91193205
598,2049,10037268,5044161,4993107
392,1996,125616709,61546560,64070149
642,2023,21051452,10232764,10818688
68,2038,14459679,7153642,7306037
548,2016,277554,138705,138849
4,2020,36643815,18557871,18085944
780,1992,1263500,633919,629581
4,1989,13502720,6893741,6608979
174,1984,373627,184672,188955
807,2043,2048211,1013891,1034320
705,2009,2005692,976761,1028931
120,2038,41040976,20513977,20526999
356,1992,870113186,449304122,420809064
304,2037,54261,27389,26872
352,2005,296699,149177,147522
600,1992,4445889,2228357,2217532
324,1980,4447369,2142696,2304673
586,1995,134185366,69099792,65085574
624,1999,1250409,605135,645274
710,2039,65132995,32301846,32831149
292,1985,28645,14433,14212
60,1994,59746,28924,30822
748,2038,1737994,892935,845059
124,2000,31099561,15413053,15686508
231,1999,62538426,31240560,31297866
608,2014,99377560,49899091,49478469
376,1988,4263054,2124943,2138111
498,2010,3731799,1806174,1925625
292,2050,28423,14151,14272
268,2039,4836773,2322675,2514098
478,2009,3129486,1507050,1622436
90,2005,495751,253035,242716
408,2008,24050643,11644872,12405771
858,2028,3454147,1675601,1778546
428,1991,2650832,1232019,1418813
887,2045,43709073,21921830,21787243
710,2016,54300704,26889687,27411017
148,1991,6028221,2883266,3144955
52,2014,289680,140140,149540
170,1989,32460845,16059679,16401166
170,1990,33147250,16398405,16748845
288,2009,23051965,11389156,11662809
732,2009,476008,236021,239987
60,2045,71401,34367,37034
410,2047,48985350,24295791,24689559
152,2019,18057855,8876082,9181773
643,2003,144737284,67357985,77379299
792,2000,65969922,33325682,32644240
196,2008,1066817,543873,522944
706,2030,15040521,7536499,7504022
705,2011,2000092,974047,1026045
417,2029,6390718,3124392,3266326
876,2032,16079,8201,7878
116,1974,7610543,3759202,3851341
666,1984,6111,3024,3087
694,2011,5363669,2602049,2761620
203,1991,10305158,5001688,5303470
598,2002,5062602,2629309,2433293
108,2049,29613257,14765527,14847730
591,2026,4160582,2087458,2073124
192,2005,11267709,5634921,5632788
100,2042,5907310,2882968,3024342
242,1995,772517,392240,380277
188,2005,4208691,2117850,2090841
242,2012,890057,452139,437918
578,2012,5021106,2518322,2502784
0,2032,2089462,1073515,1015947
222,1999,5788365,2812726,2975639
702,2032,7404593,3596338,3808255
434,2009,6002252,3116761,2885491
188,2022,5204170,2605517,2598653
376,2032,10200251,5129540,5070711
144,2046,25152040,12232343,12919697
702,2003,4390624,2167652,2222972
234,2028,54059,27870,26189
36,2003,19766540,9877854,9888686
214,2032,12433988,6266225,6167763
740,1998,447429,224530,222899
196,2025,1329908,679291,650617
104,2023,60726991,30145718,30581273
36,2047,28645887,14336904,14308983
807,2035,2096119,1039817,1056302
152,1996,14383328,7068295,7315033
404,1980,16330697,8132130,8198567
620,2047,10111287,5000207,5111080
384,1991,13039524,6659364,6380160
832,1992,84428,41047,43381
52,2006,281207,136009,145198
392,2013,127253075,61795196,65457879
690,1990,70800,35064,35736
170,2010,44205293,21838554,22366739
368,2042,67476932,34046316,33430616
620,2022,10833046,5307765,5525281
398,2044,21789236,10183350,11605886
634,2037,2560849,1921061,639788
832,2040,107526,53215,54311
652,1998,6748,3614,3134
478,1985,1723466,838213,885253
634,2010,1719473,1303297,416176
140,1994,3465853,1694958,1770895
44,2033,362360,177817,184543
642,2007,22106151,10773769,11332382
710,2022,57545621,28435411,29110210
426,2006,1919198,942665,976533
659,2000,45658,22635,23023
826,1992,57735940,28179742,29556198
818,2010,81238995,41488466,39750529
659,2024,55120,27586,27534
352,2048,405198,200446,204752
584,1994,49054,25078,23976
470,2034,416591,207284,209307
308,2031,115592,58556,57036
90,2007,521065,266002,255063
760,1981,9035810,4626785,4409025
266,1981,730836,357544,373292
332,1994,7299832,3584499,3715333
214,2020,11109446,5617579,5491867
762,2033,10444847,5182354,5262493
688,2002,7544319,3680001,3864318
470,2050,395639,196438,199201
832,2023,103051,50819,52232
660,2018,17422,8275,9147
703,2024,5415634,2627205,2788429
246,2040,5579752,2744153,2835599
548,2007,228815,115483,113332
180,2039,125639545,62631181,63008364
643,2043,133307876,61795480,71512396
520,2033,10460,4757,5703
380,2011,61016804,29452611,31564193
178,2033,7145725,3576648,3569077
304,2032,55771,28403,27368
466,2006,12912491,6313553,6598938
678,2010,175808,87663,88145
380,2016,62007540,29890564,32116976
478,2040,5706411,2747804,2958607
876,2046,15735,7995,7740
466,1999,10475943,5152657,5323286
426,1996,1869054,913721,955333
296,2003,89701,44450,45251
404,2017,47615739,23750829,23864910
300,2009,10737428,5259999,5477429
662,1986,132714,64818,67896
792,2031,87036374,43537046,43499328
446,2043,637169,292573,344596
660,1990,8411,4188,4223
40,1994,8027539,3890266,4137273
562,2046,41086365,20508520,20577845
663,1987,21628,10982,10646
703,2020,5440602,2640317,2800285
554,2050,5198992,2560728,2638264
92,2050,59618,27694,31924
703,1992,5302888,2585632,2717256
388,2021,3071319,1523205,1548114
686,2048,26486864,12864092,13622772
68,2040,14739264,7291414,7447850
804,2015,44429471,20561163,23868308
356,2043,1599824663,823206065,776618598
804,2002,48074073,22234465,25839608
340,2021,9603650,4838968,4764682
478,2038,5536119,2665931,2870188
670,2009,104574,52989,51585
262,1967,156868,78480,78388
678,1992,120905,59894,61011
862,2015,30514414,15191149,15323265
804,2009,45950761,21190609,24760152
212,2032,73273,36940,36333
132,1998,412972,198589,214383
31,2024,10475714,5195348,5280366
152,2044,19726755,9650138,10076617
60,2041,72391,34852,37539
466,2043,33958650,16476421,17482229
68,2000,8195101,4057067,4138034
540,2034,335138,166130,169008
608,1986,55972240,28046105,27926135
554,2021,4648391,2311099,2337292
732,2011,507160,251523,255637
212,2018,74027,37386,36641
674,1998,26159,12698,13461
516,2040,3661454,1806049,1855405
124,2018,35881659,17794503,18087156
258,2020,295121,150945,144176
376,2018,8424904,4234304,4190600
218,2003,13074181,6494516,6579665
586,2024,225461632,115489275,109972357
262,1982,356156,179187,176969
604,1996,24286416,12203796,12082620
56,2033,12373610,6093370,6280240
48,2014,1314089,796581,517508
504,2030,37886841,18516010,19370831
388,2023,3111782,1544000,1567782
702,2023,6526608,3183526,3343082
768,2043,14484522,7182924,7301598
136,2014,54914,26788,28126
48,2021,1527305,923143,604162
710,2031,61936572,30672097,31264475
132,2010,508659,246187,262472
8,2037,3037443,1487371,1550072
180,2032,112671412,56221486,56449926
266,2036,2529203,1272564,1256639
748,2025,1585439,802348,783091
196,1986,690425,344051,346374
604,2001,26142281,13070161,13072120
270,2012,1840454,910185,930269
404,2004,34223442,17042385,17181057
666,1992,6355,3172,3183
344,2046,6798943,3038316,3760627
716,2002,11866017,5855977,6010040
0,1984,1647074,839540,807534
316,2010,159434,81017,78417
762,2007,7076598,3519733,3556865
748,2022,1542815,778032,764783
860,2040,34278443,16949338,17329105
24,2049,44947047,22702840,22244207
48,2011,1214705,736348,478357
308,1991,94060,46330,47730
426,2010,1919552,945499,974053
112,2014,9608058,4469475,5138583
578,2038,6105276,3073756,3031520
340,2000,6359396,3189910,3169486
748,2012,1386914,691004,695910
428,1989,2667309,1240117,1427192
231,1992,51205192,25704204,25500988
798,2020,11342,5615,5727
70,2021,3827465,1865330,1962135
512,2042,4987181,2638072,2349109
850,2001,108386,51656,56730
686,2030,19485471,9442340,10043131
854,1996,10220180,4967734,5252446
876,2016,15664,7947,7717
50,2043,189455220,91700573,97754647
484,2046,149897641,72791970,77105671
792,2004,69579052,35122650,34456402
694,1985,3703092,1814528,1888564
796,2010,43212,21855,21357
516,1992,1538535,770591,767944
580,2009,55475,26653,28822
0,1999,1762334,904747,857587
554,1996,3697014,1834406,1862608
300,2038,10416878,5031067,5385811
344,2011,7030206,3288694,3741512
578,2043,6223315,3128587,3094728
108,2004,7556450,3744154,3812296
591,2013,3559408,1792928,1766480
524,1977,13700458,6964788,6735670
438,1997,31325,15502,15823
340,2030,10785113,5441590,5343523
20,2019,85684,44025,41659
148,1975,4144061,2010301,2133760
262,2000,669416,316259,353157
44,2031,359660,176482,183178
268,2008,4823790,2300556,2523234
585,2004,20163,10891,9272
688,1999,7677153,3748483,3928670
360,1986,169155944,84153656,85002288
520,2022,9872,4589,5283
268,2037,4852786,2329177,2523609
414,2000,1972259,1162239,810020
520,2044,11400,5103,6297
826,2012,63047162,31310734,31736428
462,2041,429114,213087,216027
780,1994,1265247,635704,629543
20,2036,82675,41576,41099
364,2034,95345664,48116351,47229313
400,2007,6114924,3122555,2992369
270,2046,3090383,1522300,1568083
484,1993,89435486,44187708,45247778
800,2016,38319241,19037441,19281800
446,2012,578025,275872,302153
268,2012,4950270,2366190,2584080
226,2030,1036912,519647,517265
266,2004,1364412,677334,687078
348,2034,9255702,4424959,4830743
710,2029,61043733,30215155,30828578
850,2040,79652,34916,44736
231,2012,91195675,45338967,45856708
504,2027,37061452,18132724,18928728
850,2009,106707,50207,56500
566,2039,314666236,159972327,154693909
660,2039,24084,11026,13058
70,2045,3361252,1625425,1735827
716,2040,21839223,11141976,10697247
184,2035,6355,3213,3142
250,2039,70160407,34296340,35864067
860,2042,34489766,17040651,17449115
214,2012,10088598,5110660,4977938
732,1988,201427,99604,101823
716,2006,11544326,5564036,5980290
212,2027,74218,37472,36746
64,2030,854636,441360,413276
704,2004,83352452,41330789,42021663
398,2001,15736939,7603971,8132968
760,1994,14098874,7185355,6913519
466,1979,6728356,3286903,3441453
276,2017,80594017,39574202,41019815
124,2035,39395855,19440711,19955144
324,1984,4953578,2408609,2544969
258,1986,180635,93896,86739
132,2034,675062,328294,346768
158,2011,23174265,11620728,11553537
630,2028,3442013,1637782,1804231
104,2031,64537689,31980284,32557405
540,2001,215277,108514,106763
484,2022,131222018,64263333,66958685
598,2035,8858714,4473176,4385538
768,1999,4852448,2409223,2443225
466,2000,10787657,5299984,5487673
364,2035,95772096,48311746,47460350
372,2024,5372617,2680920,2691697
234,2036,55688,28528,27160
512,2017,3424386,1859214,1565172
585,2037,22904,11347,11557
604,1989,21111159,10629182,10481977
112,2025,9325020,4337145,4987875
384,1986,10712062,5488283,5223779
408,2039,27059804,13144279,13915525
246,2019,5555154,2736140,2819014
624,1983,845006,407867,437139
51,2018,3038217,1474873,1563344
666,2013,5774,2835,2939
316,2034,189282,95037,94245
854,2042,39575189,19696085,19879104
324,1956,2830556,1348261,1482295
804,1994,51637842,23977096,27660746
4,2005,26334702,13393225,12941477
642,2020,21302893,10359365,10943528
534,2038,51233,25187,26046
434,1992,4310510,2253767,2056743
56,2001,10292429,5037058,5255371
140,2007,4543731,2241815,2301916
499,2001,726462,361605,364857
702,2031,7314707,3554381,3760326
348,2003,10091987,4811490,5280497
90,2028,783581,399877,383704
768,2007,6042377,2995202,3047175
426,1992,1761713,861142,900571
44,2027,353038,173191,179847
716,2032,19396120,9850441,9545679
604,2027,33775470,16479880,17295590
499,2014,650036,323806,326230
706,1977,4354931,2180615,2174316
380,2018,62246674,29997414,32249260
840,1992,256514224,125247146,131267078
524,1992,19705216,9862462,9842754
20,1995,63245,33200,30045
340,1981,3543061,1762811,1780250
96,2019,457533,224591,232942
132,1983,308196,143301,164895
704,1991,68638265,33658176,34980089
48,1983,392638,227803,164835
246,2013,5430353,2668528,2761825
462,2013,393988,223733,170255
417,2033,6548024,3198155,3349869
320,1987,8159885,4101786,4058099
242,2016,915303,464689,450614
616,2031,36808016,17753355,19054661
660,1991,8702,4344,4358
862,2025,34203406,17052587,17150819
598,2007,5691088,2934123,2756965
388,2027,3190209,1584333,1605876
678,2047,299682,149331,150351
231,2018,108386391,53835621,54550770
764,2043,68049326,32923985,35125341
531,2050,150128,73683,76445
499,2048,584978,287133,297845
384,1989,11930647,6101381,5829266
508,1987,13229589,6445480,6784109
352,2028,374366,187066,187300
776,1998,98749,49498,49251
604,1990,21564996,10857758,10707238
332,1985,6076064,2982180,3093884
36,1997,18415263,9180716,9234547
796,2033,69354,34683,34671
242,2037,991071,499441,491630
659,2045,57075,28293,28782
516,2013,2292905,1116410,1176495
643,2011,142525588,65988237,76537351
504,1984,21160790,10580319,10580471
894,2012,13817479,6904678,6912801
308,2033,115662,58545,57117
226,2019,816736,407681,409055
702,2018,5995991,2932118,3063873
688,2010,7344847,3581588,3763259
466,1990,8486853,4151737,4335116
388,2038,3379352,1681412,1697940
276,2035,76589169,37177486,39411683
686,2017,14668522,7095432,7573090
516,1999,1825962,914516,911446
232,2033,7139288,3516881,3622407
566,2043,341586488,173534407,168052081
580,2000,69706,32090,37616
376,2025,9305235,4679987,4625248
756,2010,7769856,3822399,3947457
470,2016,415196,206816,208380
262,2006,679141,318146,360995
430,1996,1932227,961930,970297
804,1998,49941236,23156318,26784918
450,2008,19728709,9852838,9875871
626,2034,1801753,890269,911484
578,2023,5598483,2828438,2770045
50,2031,178346901,87013569,91333332
90,2011,571890,292017,279873
132,2037,690658,335699,354959
710,2006,48737071,24132833,24604238
320,2027,18065955,8895277,9170678
706,2009,9613212,4809954,4803258
858,2015,3341893,1614561,1727332
659,2050,56362,27859,28503
372,2034,5792965,2880887,2912078
688,1995,7691299,3761183,3930116
404,1994,26487165,13203757,13283408
694,2003,4465683,2162268,2303415
440,2035,2252628,1048988,1203640
520,2002,9916,5037,4879
246,2023,5612203,2765320,2846883
170,2040,55334967,27311172,28023795
316,2022,171799,86751,85048
222,2028,6323216,3025344,3297872
170,2003,40351016,19948168,20402848
800,2000,22916079,11367083,11548996
646,2017,13319202,6642664,6676538
51,2036,2776948,1376901,1400047
112,2017,9549747,4441981,5107766
524,2000,23486982,11699910,11787072
832,2013,95732,47021,48711
8,2010,2986952,1478519,1508433
40,1999,8094155,3932466,4161689
292,2003,28321,14315,14006
108,2042,24497772,12218338,12279434
426,2050,1920225,960388,959837
188,2036,5780942,2878109,2902833
232,2007,4967933,2444536,2523397
626,2007,1017550,515683,501867
192,1995,10920889,5472079,5448810
585,2032,22642,11361,11281
804,1996,50813392,23580466,27232926
860,1999,24701545,12259774,12441771
324,2031,17640381,8836247,8804134
392,1997,125924562,61667591,64256971
703,2010,5426044,2632574,2793470
48,2007,1053582,637235,416347
512,2021,3705023,1998265,1706758
92,2006,26675,13004,13671
388,1997,2531182,1247569,1283613
678,2020,211122,105404,105718
642,1997,22557739,11046307,11511432
500,2033,5756,2876,2880
170,2011,44725543,22095194,22630349
840,2017,326625791,161034735,165591056
660,2024,19420,9111,10309
760,2014,17951639,9038058,8913581
780,1990,1255189,629176,626013
262,1971,188232,94118,94114
44,2010,310426,151830,158596
108,2025,14791662,7374672,7416990
48,2023,1554284,934600,619684
422,2045,5673795,2819141,2854654
426,2025,1970540,977463,993077
380,2039,62371977,29950559,32421418
266,2017,1772255,883483,888772
558,1983,3043908,1513901,1530007
438,2009,35856,17705,18151
140,2031,7466696,3719522,3747174
450,2045,42833188,21352493,21480695
716,2005,11639470,5651099,5988371
270,1998,1281565,636752,644813
84,2048,534710,270373,264337
499,2016,644578,321053,323525
316,2008,159169,80982,78187
32,1988,32099320,15885888,16213432
184,2027,7310,3733,3577
52,2032,297388,142991,154397
51,1992,3508952,1710551,1798401
120,2022,28347208,14205448,14141760
144,2031,24220131,11790830,12429301
562,2025,24618828,12343766,12275062
376,2033,10329443,5194125,5135318
446,2001,434778,208823,225955
404,1986,20478459,10193143,10285316
208,2019,5630198,2768106,2862092
72,1985,1079692,512371,567321
600,2030,7974061,3985249,3988812
762,2043,11505147,5694676,5810471
184,2043,5745,2868,2877
426,2022,1972796,977214,995582
524,2002,24272768,12007930,12264838
776,2023,105340,52839,52501
800,1982,12617664,6197349,6420315
156,2021,1397852872,717206162,680646710
662,2037,169463,81548,87915
276,2006,82346364,40323474,42022890
188,2020,5097988,2554050,2543938
170,1979,26071592,12879781,13191811
894,2030,23136140,11554557,11581583
706,2041,19148963,9529560,9619403
834,2019,56985045,28435977,28549068
242,2002,816669,415013,401656
204,2040,18702967,9445101,9257866
662,1991,139171,68157,71014
876,2011,15398,7772,7626
694,2024,7313891,3564627,3749264
376,2016,8174527,4107045,4067482
308,1998,100385,50069,50316
178,1978,1583661,766000,817661
112,1995,10204923,4787935,5416988
762,2013,7910041,3934878,3975163
392,2041,113758495,54684194,59074301
634,2038,2556087,1914194,641893
831,2020,67052,33309,33743
368,2018,40194216,20303751,19890465
136,2045,87106,41977,45129
620,1992,9927680,4775661,5152019
512,2030,4304556,2297693,2006863
858,1991,3098710,1506935,1591775
724,2029,52265969,25798100,26467869
270,2029,2517886,1241937,1275949
586,2006,172381868,88531297,83850571
562,2037,33915075,16966763,16948312
534,2010,37885,18669,19216
807,2025,2119511,1053929,1065582
308,1992,94648,46727,47921
540,2040,350425,173358,177067
850,2019,100907,46537,54370
36,2018,23470145,11769471,11700674
840,1989,246819230,120277515,126541715
626,2047,2124411,1038392,1086019
212,2028,74093,37401,36692
548,2027,333279,165115,168164
258,1991,203260,105368,97892
376,1989,4336493,2162132,2174361
682,2010,25731776,14133954,11597822
652,2005,7582,4048,3534
430,2019,4619132,2300903,2318229
678,2029,240369,120010,120359
388,1983,2306386,1141240,1165146
380,2020,62402659,30068892,32333767
250,1998,60643715,29568838,31074877
854,2036,34133434,17000052,17133382
662,1994,144635,70904,73731
492,2041,32015,15335,16680
762,2041,11305304,5598314,5706990
90,1991,331470,169144,162326
882,2033,221841,111779,110062
694,2038,10329219,5058410,5270809
450,2024,29534931,14764833,14770098
666,2042,3967,1842,2125
702,2021,6315977,3083794,3232183
218,2020,16904867,8387914,8516953
578,1997,4405672,2178731,2226941
500,1993,10406,5187,5219
652,2016,7209,3824,3385
430,2050,8192118,4066981,4125137
90,1994,363851,185531,178320
156,2035,1388257164,704630899,683626265
360,2048,300122355,149979122,150143233
68,2033,13724113,6790749,6933364
316,2033,188092,94486,93606
380,2029,62626778,30148095,32478683
104,2024,61242848,30396118,30846730
140,1985,2714154,1317578,1396576
740,1997,439683,220801,218882
364,2041,98022082,49308545,48713537
642,2024,20962858,10188151,10774707
562,2001,11099193,5554950,5544243
732,2044,1067959,529755,538204
428,2016,1965686,904938,1060748
578,2015,5207689,2622494,2585195
70,2046,3332839,1611139,1721700
222,2017,6172011,2967175,3204836
654,2014,7776,3928,3848
388,2037,3363643,1673384,1690259
292,2022,29675,14857,14818
834,2003,36306711,17958686,18348025
764,2034,69543684,33800574,35743110
380,2017,62137802,29948577,32189225
180,2050,144805434,71992005,72813429
152,2025,18764737,9217847,9546890
686,2008,11698343,5659495,6038848
426,1977,1255193,607637,647556
646,1987,6372803,3137032,3235771
174,2013,752288,364768,387520
454,1987,8013773,3960035,4053738
352,2043,400093,198351,201742
404,1999,29874295,14873133,15001162
788,1995,8946547,4505801,4440746
558,2013,5788531,2829657,2958874
540,2003,223689,112635,111054
858,2016,3351016,1619495,1731521
528,2045,17959396,8785448,9173948
434,2016,6541948,3386743,3155205
426,2034,1931229,962722,968507
860,2050,35116374,17300418,17815956
586,2021,216642255,111089397,105552858
504,1990,23999967,11960056,12039911
558,2044,7177096,3497259,3679837
170,1980,26631289,13156386,13474903
28,2014,91295,43246,48049
258,2014,280026,143453,136573
64,1986,546811,288357,258454
702,1994,3464148,1729772,1734376
434,2000,5024753,2595807,2428946
246,1999,5158097,2515547,2642550
450,2025,30182920,15088232,15094688
212,2043,68913,34543,34370
96,1997,303110,158021,145089
662,1985,131006,63951,67055
76,2006,188131059,93106881,95024178
604,2016,30741062,15110836,15630226
222,2000,5849822,2842003,3007819
580,2029,64903,31367,33536
410,2037,52026601,25967880,26058721
768,2041,13906377,6896499,7009878
678,2003,150508,74898,75610
116,2042,21140518,10367534,10772984
566,2012,168587778,85997638,82590140
36,2030,26055815,13054900,13000915
585,2038,22937,11334,11603
663,2008,29376,14112,15264
368,2025,47656612,24079459,23577153
630,2039,3247650,1547076,1700574
499,2030,628840,312360,316480
268,1994,5145842,2439784,2706058
662,2025,168519,81684,86835
428,2013,2029430,931279,1098151
422,2048,5647556,2801093,2846463
16,2022,53629,26580,27049
608,1999,74819070,37530034,37289036
840,1995,266278393,130215371,136063022
16,2007,56348,28438,27910
832,2004,88171,43100,45071
499,2032,625585,310540,315045
566,1986,87100425,44611530,42488895
591,2017,3753142,1888510,1864632
748,2023,1557327,786277,771050
716,2023,16768643,8455249,8313394
666,2017,5533,2697,2836
516,2018,2533224,1239271,1293953
548,2019,293212,146145,147067
324,1966,3376211,1618998,1757213
368,1989,17572536,8993037,8579499
48,2038,1735492,1017812,717680
578,2047,6306984,3167158,3139826
788,2023,11721503,5790576,5930927
152,1998,14794081,7271176,7522905
710,1986,35103314,17078844,18024470
798,2046,13201,6652,6549
324,2037,20241343,10140462,10100881
654,2024,7885,3942,3943
624,1988,949542,458254,491288
634,2049,2555812,1886705,669107
28,2016,93581,44267,49314
438,2015,37624,18678,18946
480,1996,1135344,561467,573877
232,1994,3185537,1561482,1624055
660,2012,15423,7432,7991
64,1971,321288,167942,153346
296,2037,130324,62233,68091
666,2029,4776,2273,2503
620,2010,10735765,5226653,5509112
388,1993,2406849,1183929,1222920
780,1980,1090513,544836,545677
304,1997,56508,30139,26369
156,1991,1168317741,601212145,567105596
56,2027,12140181,5986726,6153455
90,1996,386494,197056,189438
662,2038,169239,81386,87853
276,2050,71541906,34303505,37238401
703,2022,5431123,2635328,2795795
862,2048,39531525,19711764,19819761
831,2032,68041,33604,34437
710,2005,48104397,23786670,24317727
642,2012,21848504,10637271,11211233
504,2023,35887321,17582760,18304561
72,2021,2336396,1202877,1133519
100,2008,7465355,3656846,3808509
100,2003,7722734,3788838,3933896
678,2013,186817,93204,93613
600,2005,5925541,2974839,2950702
604,2034,35206818,17100091,18106727
580,2016,53467,25747,27720
232,2017,5918919,2913943,3004976
458,2004,25475465,12958931,12516534
446,2033,642560,299934,342626
586,2003,163165640,83766927,79398713
90,2043,951151,484151,467000
705,2006,2010347,978752,1031595
795,2006,4719514,2340807,2378707
440,2030,2412050,1119848,1292202
72,1990,1264612,606506,658106
384,1977,7642397,3933099,3709298
344,2002,6760298,3301904,3458394
348,2014,9919128,4726272,5192856
643,1990,147972865,69231278,78741587
663,2049,34572,16351,18221
116,2016,15957223,7746873,8210350
620,2009,10707924,5210277,5497647
732,1976,67828,33262,34566
690,1986,67838,33661,34177
72,2020,2312142,1187876,1124266
246,2043,5549935,2730186,2819749
807,2044,2040849,1009995,1030854
388,1995,2469066,1215818,1253248
275,2047,4107818,2073311,2034507
180,1978,27315131,13330161,13984970
600,1993,4570988,2291839,2279149
690,2032,101493,53179,48314
84,2026,417123,211206,205917
540,2023,300617,149682,150935
478,1978,1483992,729984,754008
84,2040,495861,250929,244932
60,2033,73399,35398,38001
524,1976,13417862,6819029,6598833
203,2022,10708637,5275286,5433351
500,2038,5803,2903,2900
376,2005,6725548,3368696,3356852
516,2020,2630073,1288360,1341713
192,1999,11107797,5557674,5550123
887,2050,46080625,23067164,23013461
585,1991,15604,8388,7216
144,1998,18569803,9224977,9344826
152,2017,17789267,8745062,9044205
108,1997,6153366,3033456,3119910
360,2017,260580739,130384286,130196453
504,2050,42026448,20390538,21635910
184,1993,18507,9600,8907
508,1990,12989180,6269907,6719273
174,2018,821164,397380,423784
188,2047,6029316,2987563,3041753
418,2008,6145183,3047984,3097199
760,2022,23570710,11865818,11704892
894,2009,12678115,6335391,6342724
384,2016,23740424,12004651,11735773
258,2033,317260,161318,155942
833,1993,71104,34343,36761
372,2003,4002170,1992403,2009767
222,2013,6108590,2943494,3165096
702,2036,7740257,3752081,3988176
398,1999,15709484,7595026,8114458
706,2033,16138324,8071191,8067133
340,2020,9465127,4768364,4696763
8,2029,3106186,1527549,1578637
776,2017,106479,53419,53060
226,2045,1334880,669642,665238
51,2037,2757863,1368928,1388935
458,1989,17471980,8854227,8617753
659,2003,47139,23414,23725
858,1996,3164141,1535341,1628800
51,2040,2698183,1343767,1354416
682,2042,37872193,20180530,17691663
222,1992,5286006,2572441,2713565
408,2003,23330469,11295437,12035032
704,2024,101770091,51107603,50662488
470,2001,391873,194071,197802
478,2048,6374271,3068587,3305684
882,2003,181088,93819,87269
686,2016,14320055,6926313,7393742
704,2025,102458828,51458721,51000107
438,1994,30574,15137,15437
308,1990,94204,46296,47908
32,2035,50576370,25064545,25511825
520,2031,10329,4714,5615
304,2038,53921,27171,26750
132,1982,304089,140808,163281
180,2012,73599190,36669171,36930019
180,2014,77433744,38600113,38833631
800,1978,11540373,5724618,5815755
531,2045,152092,74284,77808
604,2004,27129674,13516698,13612976
8,2049,2842146,1386543,1455603
706,2001,7765774,3885089,3880685
887,2014,26052966,13190782,12862184
480,2035,1451514,708256,743258
608,2038,138394413,69270567,69123846
520,1994,9824,5021,4803
500,1991,10606,5274,5332
124,2045,40635090,20004521,20630569
670,2017,102089,51914,50175
51,2038,2738380,1360752,1377628
652,2044,6689,3478,3211
8,2009,2982540,1476694,1505846
524,2026,31766361,15639369,16126992
16,2009,55751,28068,27683
304,2034,55207,28015,27192
270,2010,1755456,868552,886904
136,2048,89542,43132,46410
332,2038,13363292,6550186,6813106
50,2012,149867054,74308527,75558527
328,2038,851384,426296,425088
233,2035,1079122,515769,563353
832,1993,84592,41116,43476
531,2021,151847,72934,78913
276,2044,73621963,35461171,38160792
604,2008,28347879,14051534,14296345
800,2026,52205637,25957217,26248420
275,2013,2549092,1296688,1252404
192,2040,10397996,5116811,5281185
531,2009,141987,67708,74279
496,2002,2518612,1249991,1268621
100,2013,7267961,3553002,3714959
372,2014,4832765,2414004,2418761
533,1987,59177,28400,30777
438,2043,43285,21654,21631
688,2044,6121820,2976414,3145406
438,2014,37313,18511,18802
458,2017,31381992,15902598,15479394
364,2046,99412817,49871158,49541659
642,2010,21959278,10695371,11263907
831,2002,62370,30456,31914
68,2049,15888104,7856057,8032047
332,2006,9216487,4548789,4667698
807,2027,2118797,1053130,1065667
292,2046,28777,14312,14465
876,2034,16057,8187,7870
659,2013,51134,25553,25581
566,1977,68427930,35220020,33207910
191,2038,3837507,1856012,1981495
643,2030,138214090,63874813,74339277
858,2000,3219793,1558301,1661492
376,2024,9178652,4616098,4562554
862,2000,24248583,12032058,12216525
36,2050,29012740,14522747,14489993
533,2027,128616,60711,67905
266,2011,1576665,783825,792840
112,2047,8478798,3961357,4517441
660,2026,20076,9384,10692
40,2012,8513010,4154322,4358688
458,2039,39802671,19975113,19827558
450,1976,7807400,3905229,3902171
270,1999,1319628,655404,664224
434,2045,8746552,4446862,4299690
860,2007,27079266,13474097,13605169
218,2000,12445838,6167600,6278238
500,2005,4530,2292,2238
642,2001,22415499,10951511,11463988
392,2040,114448328,55023376,59424952
798,2025,11819,5870,5949
804,2040,39427438,18405146,21022292
876,2013,15507,7845,7662
132,1989,335166,159333,175833
388,2039,3394828,1689308,1705520
418,2046,9797676,4839380,4958296
398,2037,21091585,9899402,11192183
70,1996,3559086,1731828,1827258
894,2018,16445079,8216487,8228592
12,2005,32917567,16642759,16274808
894,1989,7396712,3705424,3691288
442,2004,460400,227848,232552
854,2029,28371358,14135821,14235537
768,2045,15073525,7474534,7598991
70,2040,3497254,1694901,1802353
68,2023,12135858,6005208,6130650
524,2013,27917117,13483119,14433998
454,2050,51780996,25627096,26153900
56,2040,12582166,6182109,6400057
566,2014,177155754,90350541,86805213
50,1982,87942605,45367319,42575286
703,2033,5278732,2556784,2721948
578,2030,5869820,2962395,2907425
504,2005,29900959,14758312,15142647
516,2042,3763649,1857048,1906601
188,2046,6014038,2981201,3032837
108,1987,5130840,2508272,2622568
706,1989,6766331,3335717,3430614
174,2038,1056228,507992,548236
882,1984,160664,83631,77033
484,2015,121736809,59718830,62017979
470,2041,408388,202915,205473
470,2046,401523,199391,202132
64,1989,599611,315967,283644
184,2005,13597,7028,6569
422,1988,3336549,1650362,1686187
158,2021,23623033,11630640,11992393
50,1987,99076293,50863305,48212988
158,2036,23046598,11116766,11929832
178,1995,2569044,1262756,1306288
100,2004,7665631,3759895,3905736
192,1989,10488855,5280944,5207911
320,2040,21048403,10344098,10704305
258,2007,259838,133214,126624
148,2006,9648955,4620593,5028362
124,2040,40070226,19743294,20326932
524,2011,27080967,12991785,14089182
96,1992,265759,140040,125719
64,1963,234392,120211,114181
894,2038,28776448,14367839,14408609
616,2042,34596204,16657038,17939166
440,2042,2037817,954144,1083673
76,2022,214438667,105497258,108941409
480,2018,1364283,670260,694023
643,2034,136679755,63177562,73502193
48,1991,522518,300067,222451
332,2042,13793404,6748718,7044686
446,2008,545674,260846,284828
520,2014,9488,4501,4987
703,1996,5373190,2615971,2757219
792,2023,83553822,41937941,41615881
32,1992,33966873,16784967,17181906
508,2038,44557754,22085612,22472142
492,2008,30734,15006,15728
266,1997,1126940,557682,569258
52,1997,270062,130394,139668
470,2043,405715,201529,204186
496,2017,3068243,1501622,1566621
580,2026,62740,30314,32426
233,2048,945207,458766,486441
408,2037,27017823,13132041,13885782
52,2049,283364,134776,148588
833,2027,93194,46822,46372
226,2027,975987,488720,487267
214,2000,8468914,4298480,4170434
694,2035,9610352,4702522,4907830
156,2043,1348012911,679589851,668423060
642,2045,18711815,9055403,9656412
508,2003,19215334,9266185,9949149
716,2045,23491259,12003524,11487735
882,2027,213169,107854,105315
360,2021,269065054,134673470,134391584
8,2004,3045640,1516978,1528662
426,2029,1956624,972594,984030
212,2009,72660,36629,36031
44,2049,371358,182120,189238
76,1976,109890962,54706916,55184046
764,2004,64735887,31983787,32752100
496,2048,3658188,1743215,1914973
832,2022,102431,50496,51935
788,1985,7363698,3720850,3642848
352,2003,289516,144845,144671
320,2048,22632184,11109527,11522657
242,1989,733034,371678,361356
296,2031,124512,59794,64718
604,1984,18970733,9554486,9416247
466,2041,32670806,15855462,16815344
222,2033,6352979,3035075,3317904
840,2015,321418820,158229297,163189523
352,2014,327872,164322,163550
591,1996,2689792,1362291,1327501
392,2034,118371816,56994341,61377475
28,2044,119882,55773,64109
554,2027,4834099,2398932,2435167
372,2047,6255015,3095936,3159079
8,2041,2978173,1455557,1522616
620,2021,10838543,5307666,5530877
270,2044,3028141,1491866,1536275
136,1998,36060,17634,18426
364,1991,60496425,30846115,29650310
136,2021,63103,30699,32404
56,2026,12090735,5962853,6127882
652,1987,4402,2316,2086
466,1987,7958962,3880855,4078107
64,2034,879489,452917,426572
108,1984,4811264,2340341,2470923
652,1986,4173,2177,1996
60,2029,73323,35397,37926
20,2034,83286,42012,41274
116,1989,9038142,4283958,4754184
583,2006,107986,54125,53861
364,2010,76923300,39053269,37870031
320,2038,20622060,10137460,10484600
732,2000,336295,166593,169702
270,2050,3210223,1580784,1629439
583,2020,102436,50361,52075
36,2008,21007310,10521872,10485438
752,2004,9046268,4484859,4561409
50,2006,140353878,70345731,70008147
174,2026,917059,442501,474558
663,1992,32892,16704,16188
694,1987,3875583,1895713,1979870
600,1995,4825564,2420742,2404822
152,1982,11368918,5572707,5796211
554,2039,5090595,2514840,2575755
188,1995,3444736,1737987,1706749
548,2050,432658,211623,221035
480,2048,1446328,702953,743375
882,2038,228883,114947,113936
212,2010,72813,36716,36097
705,2015,1983412,965766,1017646
462,2030,401339,199588,201751
233,1989,1570926,734313,836613
430,1979,1803950,915258,888692
438,2005,34880,17194,17686
484,2003,103843015,51084392,52758623
4,1992,15023317,7663771,7359546
600,2046,8730688,4332658,4398030
784,2044,8017379,5302910,2714469
52,2030,297664,143288,154376
686,1999,9252822,4490709,4762113
31,2016,9872765,4890906,4981859
492,2032,32512,15619,16893
44,1980,209760,101720,108040
558,2031,6798584,3314501,3484083
208,2003,5394138,2666931,2727207
158,2037,22935202,11049298,11885904
762,2049,12050154,5956590,6093564
732,2031,838775,416436,422339
840,2047,392972619,194833659,198138960
666,2000,6409,3214,3195
262,2032,1144036,517125,626911
438,1993,30186,14946,15240
232,2038,7699607,3793541,3906066
152,2016,17650114,8677028,8973086
764,2014,67741401,33297245,34444156
376,2038,10971466,5514019,5457447
832,2012,94949,46615,48334
304,1999,56696,30271,26425
682,2049,39960829,21214437,18746392
422,1986,3232383,1600062,1632321
776,2032,100952,50586,50366
178,2014,4662446,2337491,2324955
705,2012,1996617,972338,1024279
704,2026,103118051,51792916,51325135
705,2045,1668205,803796,864409
826,2045,70742252,35203959,35538293
524,1975,13145618,6677847,6467771
108,2001,6913694,3418712,3494982
484,2001,101125485,49777768,51347717
654,2021,7870,3950,3920
454,2045,45477168,22515355,22961813
51,2024,2974882,1454978,1519904
51,2000,3100042,1462331,1637711
218,2044,20598057,10149779,10448278
500,2016,5267,2630,2637
408,1998,22482801,10915533,11567268
44,2015,324597,158971,165626
659,2008,49064,24458,24606
634,2035,2574322,1938527,635795
724,2048,52877344,25954283,26923061
70,2050,3216039,1553285,1662754
762,2031,10217929,5072160,5145769
442,2023,660488,333056,327432
96,2007,374577,189334,185243
144,2025,23563343,11485883,12077460
32,2032,49671440,24613390,25058050
178,2011,4379194,2195347,2183847
148,2041,17923809,8753491,9170318
384,1998,16045358,8164514,7880844
100,2016,7144653,3487201,3657452
643,1997,148373548,69404315,78969233
108,1999,6524134,3221175,3302959
214,2029,12137253,6122493,6014760
795,2047,6544553,3212587,3331966
44,1997,272561,132807,139754
740,2040,699505,350191,349314
308,2026,114966,58312,56654
520,2029,10208,4676,5532
554,1998,3764312,1867032,1897280
578,2041,6178080,3107626,3070454
670,2012,103537,52549,50988
184,2019,8799,4529,4270
674,2007,30349,14738,15611
492,2031,32457,15604,16853
292,2049,28518,14195,14323
666,1994,6401,3200,3201
466,1991,8673154,4247943,4425211
356,1997,954926046,493984257,460941789
92,2038,51085,23878,27207
204,2002,7064487,3512257,3552230
72,2004,1807832,896277,911555
616,2006,38542453,18692387,19850066
400,2006,5734979,2931859,2803120
266,2013,1640286,816140,824146
659,2025,55405,27725,27680
428,2020,1881232,869861,1011371
528,2024,17518201,8651141,8867060
32,2049,53940433,26739535,27200898
64,2029,848034,438257,409777
534,2002,30636,14903,15733
760,2011,22023924,11178276,10845648
854,2017,20107509,10010772,10096737
796,2020,55926,28156,27770
478,2014,3516806,1693473,1823333
498,2006,3901080,1881474,2019606
862,2018,31689176,15785057,15904119
242,1991,746167,378498,367669
51,2031,2866822,1413679,1453143
191,2028,4063708,1963718,2099990
584,2022,80072,40630,39442
422,2036,5638290,2811482,2826808
591,2043,4728662,2357196,2371466
196,2006,1031030,525168,505862
458,2037,39138395,19659824,19478571
344,2019,7232810,3356989,3875821
276,2018,80457737,39494331,40963406
400,2013,7219737,3653847,3565890
854,1989,8091541,3902719,4188822
188,1988,2874123,1452336,1421787
384,2029,29316670,14771979,14544691
242,2048,1011571,506714,504857
831,1997,61173,29549,31624
124,2039,39945642,19687085,20258557
706,1982,5834498,2844550,2989948
48,2045,1805971,1053230,752741
148,2013,11193452,5392380,5801072
410,2024,52454724,26291344,26163380
858,2006,3271307,1578058,1693249
663,1994,33098,16703,16395
70,1998,3622227,1763092,1859135
466,2032,26885283,13061052,13824231
40,2027,9027437,4418232,4609205
276,2000,82183670,40135201,42048469
300,2000,10559110,5199434,5359676
508,2045,52585367,26133502,26451865
28,2036,114430,53464,60966
804,2014,44943869,20791445,24152424
659,2034,57132,28506,28626
192,2009,11260468,5625442,5635026
28,2048,122004,56666,65338
643,2028,138998935,64242058,74756877
208,2013,5556452,2740257,2816195
388,2020,3051076,1512801,1538275
28,2006,82343,39238,43105
404,1979,15690251,7814292,7875959
584,1999,52295,26729,25566
694,2037,10085085,4937561,5147524
642,2026,20779194,10095607,10683587
234,2030,54563,28083,26480
500,2025,5529,2759,2770
296,2046,137198,64996,72202
608,2048,152763777,76304881,76458896
112,2035,8956400,4165341,4791059
300,1991,10250880,5052070,5198810
40,2050,9107912,4428839,4679073
180,2008,66187146,32930002,33257144
360,1989,178463522,88829153,89634369
12,2020,42972878,21770912,21201966
262,2044,1324728,603109,721619
780,2027,1171490,592892,578598
52,1995,267667,129064,138603
854,2003,13065394,6488488,6576906
266,2008,1485832,738052,747780
214,1982,5968735,3031981,2936754
642,2049,18194884,8797073,9397811
840,2029,357072830,176362314,180710516
440,2027,2509052,1162849,1346203
4,1982,12582762,6450404,6132358
32,1981,28848055,14343908,14504147
832,2037,107383,53116,54267
116,2025,18037946,8806014,9231932
710,2047,67750702,33620891,34129811
732,2030,821426,407833,413593
586,1991,122248178,63062406,59185772
56,2050,12772233,6259140,6513093
320,2034,19732852,9705940,10026912
344,2027,7297035,3353365,3943670
694,2001,4043412,1956940,2086472
148,2046,19285174,9431616,9853558
834,1999,32187241,15879394,16307847
780,2024,1189597,602570,587027
50,1994,115142278,58596433,56545845
404,2025,53196255,26530430,26665825
831,2030,68013,33638,34375
578,2017,5320045,2683632,2636413
764,1999,62411983,30891970,31520013
246,2041,5570066,2739533,2830533
732,1972,87161,44873,42288
116,2033,19585916,9589993,9995923
462,2004,326599,178754,147845
740,1984,387024,192742,194282
275,2033,3536362,1794060,1742302
332,2026,11882509,5854153,6028356
524,1989,18172823,9121127,9051696
364,2027,91776530,46425900,45350630
64,1973,346304,181499,164805
60,2030,73380,35416,37964
404,1990,23360942,11629093,11731849
562,2033,30731032,15387128,15343904
670,2030,99456,50521,48935
438,2020,39137,19480,19657
192,2042,10297800,5063103,5234697
800,2045,84401613,41971867,42429746
498,2035,2793281,1379826,1413455
16,2024,53437,26422,27015
352,2036,390054,194095,195959
203,2007,10365253,5067384,5297869
807,2009,2066718,1031108,1035610
258,2003,247754,127033,120721
702,2048,8512807,4102872,4409935
585,2011,20956,11086,9870
533,1994,77853,37186,40667
624,2047,2797994,1377821,1420173
818,2030,126222877,64458626,61764251
70,1992,4129131,2053705,2075426
324,2034,18917625,9476833,9440792
24,2021,23096360,11684693,11411667
854,1990,8361039,4037258,4323781
804,2013,45388586,20985946,24402640
360,2047,299980642,149936747,150043895
616,2012,38632334,18716464,19915870
104,2009,52826121,26264305,26561816
478,1981,1577646,771804,805842
854,2041,38638794,19232697,19406097
858,1997,3180923,1542694,1638229
788,2029,12047798,5916795,6131003
76,2009,194019058,95924551,98094507
894,1982,5912513,2971203,2941310
662,2044,166789,79866,86923
262,1997,592487,282503,309984
498,2022,3290334,1611595,1678739
850,2036,84211,37255,46956
196,2014,1172458,598710,573748
548,2001,196510,100142,96368
72,2031,2536793,1332845,1203948
740,2029,656789,330094,326695
222,2004,5935121,2875497,3059624
178,2016,4852412,2432653,2419759
44,1984,224617,109127,115490
604,2003,26809346,13373064,13436282
51,2020,3021324,1470550,1550774
140,1984,2629271,1275084,1354187
740,2008,529824,266495,263329
688,2028,6742672,3283913,3458759
752,2006,9133723,4533745,4599978
132,2006,478309,231089,247220
68,2006,9249710,4578464,4671246
663,2039,34106,16170,17936
232,2014,5766838,2839587,2927251
724,1994,39707884,19460530,20247354
120,1987,10936402,5471848,5464554
388,2013,2909714,1440277,1469437
450,2012,22005222,10995947,11009275
36,1992,17418927,8693494,8725433
178,2005,3472384,1729231,1743153
756,2031,8934955,4405267,4529688
678,2045,293123,146114,147009
732,2025,735697,365270,370427
262,1951,81331,40740,40591
208,2029,5726703,2799011,2927692
458,2038,39474112,19819297,19654815
566,2037,301640584,153399092,148241492
591,2042,4704769,2346245,2358524
634,1997,547599,358048,189551
392,2045,110906676,53304876,57601800
585,2043,23023,11247,11776
524,2024,31351900,15421549,15930351
760,2015,17064854,8575915,8488939
112,2006,9763712,4551821,5211891
196,2046,1407631,715226,692405
180,2005,60698054,30156964,30541090
174,2033,998630,480899,517731
583,2029,95717,46505,49212
833,2030,93851,47144,46707
116,1978,6769287,3147143,3622144
288,2018,28102471,13855252,14247219
764,2050,66063997,31891510,34172487
328,2030,812354,407874,404480
818,2037,140996897,71959158,69037739
831,2016,66297,32906,33391
50,2002,132901054,66923191,65977863
591,2046,4792558,2386061,2406497
670,2011,103869,52691,51178
800,2009,30520924,15155240,15365684
404,1992,25039576,12480155,12559421
16,2045,49461,23884,25577
662,2041,168247,80739,87508
694,1983,3545635,1740656,1804979
484,2008,110845404,54398709,56446695
462,2017,392709,214473,178236
540,2024,304062,151328,152734
760,2032,26689687,13414533,13275154
776,2008,104881,52609,52272
380,2006,59272880,28636956,30635924
8,2012,3002859,1486040,1516819
858,2046,3502420,1703346,1799074
694,1975,3030393,1500976,1529417
840,2039,378313410,187106663,191206747
204,2011,9325032,4671983,4653049
116,1991,9706809,4615945,5090864
703,2026,5394187,2616002,2778185
364,2037,96580087,48676975,47903112
72,2024,2404273,1245489,1158784
68,1999,8025555,3973250,4052305
332,2017,10646714,5265247,5381467
392,2019,125853035,60961486,64891549
678,1993,122854,60887,61967
792,2027,85453036,42823557,42629479
108,1983,4700988,2283052,2417936
124,2010,33759742,16751392,17008350
434,2028,7617450,3916642,3700808
398,1995,16389860,7936804,8453056
466,2009,14144020,6904321,7239699
304,2048,50156,24928,25228
500,2015,5241,2618,2623
788,2039,12277250,5956778,6320472
694,1989,4064153,1984711,2079442
40,2025,8987330,4400061,4587269
292,2004,28407,14348,14059
140,1996,3621608,1773447,1848161
36,2016,22992654,11529136,11463518
414,2021,3030320,1756558,1273762
360,2031,286644529,143516226,143128303
508,2017,26573706,12996593,13577113
372,2028,5548071,2765113,2782958
218,2016,16080778,7988406,8092372
124,2019,36136376,17918008,18218368
876,2018,15763,8010,7753
170,2050,56227630,27716611,28511019
72,2003,1777092,879088,898004
262,2027,1054368,476788,577580
740,2019,603823,303965,299858
540,1994,187446,94940,92506
682,2014,27345986,14907376,12438610
410,2007,48453272,24305105,24148167
270,2001,1393296,691377,701919
16,2026,53181,26233,26948
388,2040,3410072,1697074,1712998
528,2028,17716529,8733582,8982947
270,2000,1356581,673462,683119
834,2001,34190566,16887575,17302991
184,2048,5517,2735,2782
192,1983,9886945,4992162,4894783
104,2018,58020363,28824445,29195918
368,2047,73184092,36893145,36290947
222,2045,6262127,2986461,3275666
152,2026,18864224,9265333,9598891
484,2014,120286655,59018810,61267845
591,2021,3939988,1980143,1959845
800,2038,71950776,35786905,36163871
598,2040,9317263,4696011,4621252
20,2006,78294,40713,37581
498,2021,3327564,1628340,1699224
308,2044,115079,57900,57179
492,2016,30581,14867,15714
659,1985,42931,20857,22074
380,2004,58716002,28354304,30361698
554,2029,4887980,2423882,2464098
31,1998,8308674,4042092,4266582
504,1988,23086484,11516837,11569647
484,2034,143519904,69999211,73520693
8,2013,3011405,1490030,1521375
508,2028,34829379,17169367,17660012
76,2036,228968010,111996870,116971140
674,2032,36117,17396,18721
616,2026,37617099,18173333,19443766
72,2040,2690990,1437070,1253920
604,2035,35375723,17170928,18204795
580,2042,73813,35728,38085
434,2034,8067694,4133230,3934464
694,2018,6312212,3068975,3243237
484,2040,147494204,71779896,75714308
818,2027,119852510,61218617,58633893
422,1970,2383029,1199770,1183259
768,2003,5424964,2691511,2733453
364,1988,54178259,27628086,26550173
710,1985,34254092,16661041,17593051
340,2049,12855569,6488475,6367094
598,2009,5940775,3055230,2885545
324,2011,10601009,5302944,5298065
192,2035,10621569,5238850,5382719
818,2022,108756076,55565825,53190251
558,2012,5727707,2801724,2925983
156,2016,1373541278,706332326,667208952
426,1997,1883539,921407,962132
170,2043,55749551,27504246,28245305
300,2006,10688058,5244162,5443896
562,2049,43443594,21667450,21776144
634,2004,825447,560212,265235
204,2019,11646392,5859795,5786597
703,1998,5390236,2622691,2767545
